# Fix print output for fix mythermofile
2000000 12.3387369082742
2005000 12.0374210545675
2010000 11.7294677743757
2015000 10.6353666393961
2020000 10.1253591296172
2025000 9.57064980873262
2030000 9.56653157850448
2035000 8.87355444238443
2040000 8.48020602156604
2045000 7.7784393269595
2050000 7.26110180262799
2055000 7.12033359084446
2060000 7.38270738593157
2065000 7.08377262452115
2070000 7.05473619305484
2075000 6.88959490203116
2080000 6.46337466259254
2085000 6.49285283320247
2090000 6.26671728618861
2095000 6.01783335191203
2100000 6.48605644525038
2105000 6.2141351158135
2110000 6.13968490600653
2115000 6.39817822257133
2120000 6.71322873529891
2125000 6.50304949747257
2130000 6.98070639496093
2135000 7.4229059222217
2140000 7.40057177095676
2145000 7.48627539871193
2150000 6.84547148992781
2155000 7.16658932565781
2160000 7.17635497294053
2165000 6.57904171565857
2170000 6.27484004881691
2175000 6.20717206737992
2180000 6.52509234192074
2185000 6.86927188366414
2190000 6.89908784963757
2195000 6.78834929428424
2200000 6.50836679571482
2205000 6.53222079310277
2210000 6.70446913830521
2215000 6.89537652704393
2220000 6.53110888394114
2225000 6.7233614229238
2230000 7.17230614763436
2235000 7.95847920542655
2240000 7.64112998160499
2245000 7.43949165090344
2250000 7.4810080777166
2255000 7.42026001800989
2260000 7.59672768210188
2265000 6.97418980243728
2270000 6.85433566320741
2275000 6.83538177666379
2280000 6.80763099723944
2285000 6.5106426438967
2290000 6.47643584988682
2295000 6.34867298802938
2300000 6.69382401824571
2305000 7.04755443836461
2310000 6.74151095790078
2315000 6.83520182208632
2320000 6.55496229695188
2325000 6.79013712233717
2330000 6.79688348507034
2335000 6.26898803646244
2340000 5.60011293588344
2345000 4.92668978543458
2350000 5.22183428021941
2355000 5.36271224475087
2360000 5.49001370202225
2365000 5.65045798876451
2370000 5.30350060641332
2375000 5.0044678134572
2380000 4.99359483715863
2385000 4.75508248782759
2390000 4.80768956632605
2395000 4.17330837415883
2400000 4.68014267321488
2405000 4.57465589700467
2410000 4.85056707043177
2415000 4.86946925023338
2420000 4.3419365084193
2425000 4.92065232734018
2430000 4.88749379025334
2435000 4.94570325188936
2440000 4.80940558160575
2445000 4.7385369238582
2450000 4.74077998220601
2455000 4.65333935703197
2460000 4.21432266197126
2465000 4.43161600910606
2470000 4.48731944339795
2475000 4.35685838604817
2480000 3.80585581281297
2485000 4.08080693918653
2490000 3.59438584420492
2495000 3.2784503573407
2500000 4.1041013731469
2505000 4.16797847245446
2510000 3.91348799327853
2515000 3.44620027671229
2520000 3.90247898375832
2525000 3.42922143217757
2530000 3.60236549422751
2535000 3.92449321904432
2540000 3.74259761279274
2545000 4.11722408888412
2550000 4.70120263032731
2555000 4.70319366306105
2560000 4.35408002617382
2565000 3.97442321343453
2570000 4.09800350956827
2575000 4.61104753442752
2580000 4.36147622201301
2585000 4.67334054519781
2590000 4.44639726380343
2595000 4.28038604568738
2600000 4.13481476574045
2605000 4.87442676623217
2610000 5.10576357997578
2615000 5.00620023242156
2620000 4.48557447062171
2625000 4.38964416337385
2630000 4.58672913661293
2635000 4.36572888003238
2640000 3.93402661356753
2645000 4.14448198906695
2650000 4.07810843651882
2655000 4.31188280318029
2660000 4.16439910753736
2665000 3.88840746358729
2670000 4.15803162797248
2675000 4.32357260490538
2680000 4.54895386134766
2685000 4.38867950883083
2690000 4.59013739751923
2695000 4.79659759081225
2700000 4.83962141751289
2705000 4.81037973495407
2710000 4.90477155456022
2715000 4.89864615355032
2720000 5.20504778149128
2725000 5.29347545478222
2730000 5.64730849314931
2735000 5.53798381512561
2740000 5.76450250483573
2745000 5.83685405978175
2750000 5.7204215388154
2755000 5.27156201193645
2760000 5.50003340763756
2765000 5.40533970105414
2770000 5.07831118692571
2775000 4.98957091827459
2780000 5.38037092169572
2785000 5.35928173195498
2790000 5.74828104797864
2795000 6.36295491637577
2800000 6.23456305414511
2805000 5.79665572743713
2810000 4.83214148179659
2815000 5.00595708812415
2820000 5.30431739059102
2825000 5.29522955202743
2830000 5.36679609405433
2835000 5.39742418293655
2840000 5.39494758438584
2845000 5.35598333565291
2850000 5.84604822353896
2855000 5.21500077938718
2860000 5.63996039645128
2865000 5.96984434147406
2870000 5.37420796392948
2875000 5.17345447013579
2880000 5.70277781198977
2885000 5.64608244168311
2890000 5.04080634757807
2895000 4.86168689983324
2900000 4.3265946000892
2905000 4.35031524569848
2910000 4.56798259368771
2915000 4.49902717627482
2920000 4.99620913906401
2925000 4.89623972992695
2930000 5.14802169784882
2935000 5.34411605022698
2940000 4.96362514856018
2945000 4.55194426907123
2950000 4.86096511577737
2955000 4.5882065961722
2960000 4.34838050418445
2965000 4.35736573504052
2970000 4.36405909324315
2975000 4.42253234085308
2980000 4.04155792055318
2985000 3.69123775482961
2990000 3.98266426637675
2995000 4.28690060448688
3000000 4.04247333026289
3005000 3.99668214084589
3010000 4.26462008170329
3015000 3.92277069792076
3020000 4.00212861037175
3025000 4.00974174479608
3030000 3.86816801950072
3035000 3.52306157140844
3040000 3.63947251464003
3045000 3.6666278809112
3050000 3.50510015192241
3055000 3.2147589900823
3060000 3.26455319558333
3065000 3.65166271236149
3070000 3.80070837885247
3075000 4.05880835668117
3080000 3.9830115629003
3085000 3.7339027864398
3090000 3.44845460698952
3095000 3.43551851703022
3100000 3.50111820315789
3105000 3.48892779287312
3110000 3.55135626277917
3115000 3.28828347097613
3120000 3.45382964760973
3125000 3.46034252286913
3130000 3.86662150230346
3135000 3.82306695187814
3140000 3.61576511534658
3145000 3.58758732993903
3150000 3.68140357601222
3155000 3.94172640295231
3160000 4.32197555851035
3165000 4.2969303904326
3170000 4.39347362582325
3175000 4.10802757582922
3180000 4.07731640759281
3185000 4.0312433408421
3190000 3.87477294293043
3195000 4.30071059870311
3200000 4.24936120225374
3205000 4.62566736556944
3210000 4.41074278244826
3215000 4.03126354047482
3220000 4.04957390816309
3225000 4.50477426608404
3230000 5.15360364034918
3235000 4.91611603763509
3240000 5.10674146489693
3245000 5.17653486879612
3250000 4.95211729229027
3255000 5.32651880472689
3260000 5.83242699217827
3265000 5.5650843867728
3270000 4.79011871421372
3275000 4.6227765695379
3280000 4.34567237665857
3285000 4.35945848057236
3290000 4.38838728265814
3295000 4.77178087104071
3300000 4.87069205418941
3305000 4.69584390975117
3310000 4.90968890869215
3315000 5.0045827451151
3320000 4.86860533189831
3325000 5.31952921891601
3330000 5.26261221423869
3335000 5.5300927300707
3340000 5.64694243291217
3345000 5.49283991462002
3350000 5.21739179901832
3355000 5.14488181148353
3360000 5.20505120400898
3365000 5.65179767561354
3370000 5.61864533091857
3375000 5.55770380436689
3380000 5.58980539223725
3385000 5.06554872923131
3390000 4.31667925684527
3395000 4.32908640761073
3400000 4.3799678555325
3405000 4.89770167891908
3410000 4.60181643897219
3415000 4.75374303080997
3420000 4.64126317379944
3425000 4.81024676640979
3430000 5.7289516916349
3435000 5.65325498527878
3440000 5.12802128191065
3445000 4.94841065218789
3450000 4.9479973922884
3455000 5.59960497458101
3460000 6.2809704344172
3465000 6.61672143659471
3470000 6.55540525717385
3475000 6.64400677389613
3480000 6.77420297436965
3485000 7.27659699984867
3490000 7.22778713465547
3495000 7.00417042883555
3500000 6.8602969805447
3505000 7.26116427622864
3510000 6.99213866373948
3515000 6.84921105417245
3520000 6.74138051918267
3525000 6.76837874180308
3530000 6.44082324529657
3535000 6.43799386285473
3540000 6.02001224514505
3545000 6.8271334853981
3550000 7.17160824295918
3555000 7.15556532530426
3560000 6.967337038935
3565000 6.98303005872776
3570000 6.3786737084973
3575000 6.31172905604716
3580000 6.53524452880215
3585000 6.52047751530183
3590000 6.68538365360481
3595000 6.87757103517846
3600000 7.13606149725256
3605000 6.48020533965167
3610000 6.48479563725397
3615000 6.38897265356241
3620000 6.41166579686748
3625000 6.82231035015924
3630000 7.0741579474737
3635000 7.41119243815594
3640000 7.04024197619329
3645000 6.82120139803105
3650000 6.64808686686532
3655000 6.69198278852949
3660000 6.69443256718498
3665000 6.43135471708589
3670000 6.08091785680039
3675000 6.03795243347504
3680000 6.3661601493936
3685000 5.99961609158531
3690000 6.32301676828333
3695000 5.97595004979671
3700000 6.14047640097869
3705000 5.77364900460343
3710000 6.13306994334649
3715000 6.0919245671599
3720000 6.35535582418911
3725000 6.41235558400615
3730000 6.51982111927652
3735000 6.80298406050629
3740000 6.6401822315864
3745000 6.9654598042353
3750000 6.83464318679981
3755000 6.87056997932201
3760000 6.6891704210278
3765000 6.13271644954233
3770000 6.14281524964436
3775000 5.99083395797386
3780000 6.07946912032757
3785000 6.40230825015916
3790000 6.58517546030164
3795000 6.88190853270096
3800000 6.59577262041129
3805000 6.31894397845549
3810000 6.52667807728178
3815000 6.50544906197104
3820000 6.8987705987022
3825000 6.91032204799269
3830000 6.86787318976405
3835000 6.90421432727599
3840000 6.57104974225366
3845000 6.43179139244206
3850000 6.54302773416884
3855000 6.20147990823624
3860000 6.09015132221361
3865000 5.52598693243047
3870000 6.10638408716652
3875000 6.52811582582381
3880000 6.99807919009974
3885000 6.68703499529027
3890000 6.50094884595087
3895000 6.8789364546158
3900000 7.03597439749279
3905000 6.51818909940932
3910000 6.98148656107614
3915000 7.5352659315283
3920000 7.90480585386203
3925000 7.71404109209201
3930000 6.86902300668827
3935000 6.38084664907603
3940000 5.72941845826942
3945000 5.88775733260228
3950000 5.9257083867655
3955000 5.6911374239004
3960000 5.51755505773429
3965000 5.31386574620697
3970000 5.51549170794258
3975000 5.54374330510185
3980000 5.84547743211873
3985000 6.16877869210141
3990000 6.11864262693209
3995000 5.58268043251233
4000000 4.96256789227154
