# Fix print output for fix mythermofile
2000000 12.3387369082742
2005000 11.3287428287983
2010000 8.90842809176126
2015000 6.70140775699161
2020000 5.18851816198551
2025000 5.26043586305183
2030000 5.78039522539492
2035000 6.2328013522967
2040000 7.20244969051894
2045000 7.66153931512468
2050000 7.53594973812755
2055000 7.00848085487313
2060000 6.20508640118729
2065000 5.74650940666104
2070000 5.88647284649397
2075000 6.5375219117695
2080000 7.21940075640993
2085000 7.71286360860686
2090000 7.62491197037955
2095000 7.62284906346868
2100000 7.82936860047631
2105000 7.67200289069778
2110000 7.0899916255575
2115000 7.05441098171972
2120000 6.85112994229506
2125000 6.72441406087395
2130000 7.10838982511401
2135000 7.34756550130811
2140000 7.27447712734977
2145000 6.81936070419672
2150000 6.72642568457222
2155000 6.96908023894025
2160000 7.3978331212361
2165000 7.60909999959049
2170000 7.25362660459933
2175000 6.83367255636685
2180000 6.44379898620095
2185000 5.78682087622285
2190000 5.33459904567197
2195000 5.41201579426211
2200000 6.66458291996429
2205000 7.59166278727295
2210000 8.06208870569912
2215000 7.8203404514312
2220000 6.97905775687306
2225000 6.62847467037749
2230000 6.26337935101285
2235000 5.67598523257881
2240000 5.02483432584922
2245000 4.90805914610138
2250000 5.49856658775641
2255000 6.47479650202208
2260000 7.4085152107404
2265000 8.25569746293171
2270000 8.54344093880989
2275000 8.28407229027581
2280000 7.69498490804143
2285000 7.34758041039758
2290000 6.60797175271931
2295000 5.86916629602949
2300000 5.71300143112795
2305000 6.26868655277721
2310000 7.21409168473394
2315000 8.12730595238192
2320000 8.25223246144225
2325000 7.51872893025142
2330000 6.89157923678984
2335000 6.4312767614341
2340000 5.96700899551341
2345000 5.75399887987123
2350000 6.24073623240175
2355000 7.00570752389646
2360000 7.63619974882076
2365000 8.01115388440121
2370000 7.80614079447301
2375000 7.03646315672443
2380000 6.17747207714409
2385000 5.48890356420627
2390000 5.79523811584536
2395000 6.363027883454
2400000 6.90627937192358
2405000 6.89388172799382
2410000 6.67004502335778
2415000 6.51492864686164
2420000 6.5924277678928
2425000 6.83750460575941
2430000 7.40780779266175
2435000 7.43701484147888
2440000 7.53090031375967
2445000 7.7753953474398
2450000 7.33114230500744
2455000 6.82627444108889
2460000 6.50585318844806
2465000 5.98393513797659
2470000 6.12145951631844
2475000 6.67602317876395
2480000 6.37877759857907
2485000 6.08804310422227
2490000 5.82897941695475
2495000 5.93467670998878
2500000 5.92121611821069
2505000 6.31703306880791
2510000 6.52690058486735
2515000 6.37924739711531
2520000 6.62828494321041
2525000 7.10312618746403
2530000 7.33005393377174
2535000 7.47770072141132
2540000 7.6569691346117
2545000 7.68593740333165
2550000 7.62565152931523
2555000 6.9784643702629
2560000 5.99157401780273
2565000 5.6418988214377
2570000 5.7152621285752
2575000 6.83199219480673
2580000 8.19681429574869
2585000 9.10275326851157
2590000 9.17032600019105
2595000 8.30094626668164
2600000 7.20070598492613
2605000 6.19959485874795
2610000 6.19114942059002
2615000 6.71008597293984
2620000 7.73750340283986
2625000 8.80735947726303
2630000 9.0535916145246
2635000 8.33720794111352
2640000 7.19550272041117
2645000 5.81273196119285
2650000 4.93669603974826
2655000 4.94438819627105
2660000 5.73443820924169
2665000 6.46782617070826
2670000 7.07098253402878
2675000 6.93934700044285
2680000 6.53998044946132
2685000 6.53151882559975
2690000 7.04468930641908
2695000 7.47089915588943
2700000 7.33002903300257
2705000 6.4016488127742
2710000 5.92923552275971
2715000 5.37059919982965
2720000 4.88199714504531
2725000 5.5989307692859
2730000 5.63571747220856
2735000 5.47910905938404
2740000 4.952704545633
2745000 4.96802535165952
2750000 4.99930120294955
2755000 5.42270526016599
2760000 5.69847369177269
2765000 5.8888249128318
2770000 6.4407726824551
2775000 6.89275062601815
2780000 6.65396670346185
2785000 6.04442272367964
2790000 5.66473196603899
2795000 6.14497330165995
2800000 6.91678394465687
2805000 7.24597239265514
2810000 6.97366732839181
2815000 6.36661774472897
2820000 5.82090223921687
2825000 5.75996949084932
2830000 6.00469438054416
2835000 6.25188412119318
2840000 6.48738331194911
2845000 6.89898503605933
2850000 7.39051384270202
2855000 7.20921991970108
2860000 6.67614845955526
2865000 5.76409231188443
2870000 4.70261977111778
2875000 4.34444283700201
2880000 4.14186427221735
2885000 4.2721257352136
2890000 4.84878783535566
2895000 5.47724660086988
2900000 6.58721309136268
2905000 7.37430685920451
2910000 7.34993864768734
2915000 6.9168337931713
2920000 6.21501614686454
2925000 5.49457144253959
2930000 5.10543842913835
2935000 5.7294766855619
2940000 5.53136156193447
2945000 5.94909939778931
2950000 6.18308790452448
2955000 6.30805813924795
2960000 6.23989874978278
2965000 6.26121723557056
2970000 6.17473178101521
2975000 6.16598392996073
2980000 5.70228765632637
2985000 5.10101681856078
2990000 5.40706274482382
2995000 6.22824228063727
3000000 6.97180336748009
3005000 7.47904640210156
3010000 7.05923359588974
3015000 6.53015895873516
3020000 5.84212317894419
3025000 5.66841690510535
3030000 5.55253472829148
3035000 5.28010665008021
3040000 4.59433493394795
3045000 4.27272223248993
3050000 4.44640303337007
3055000 4.89665531966611
3060000 5.06242824994597
3065000 3.99898838656659
3070000 3.93385940989118
3075000 4.95217953828033
3080000 5.65810658946342
3085000 6.528272258476
3090000 7.4594489835709
3095000 7.37983797471043
3100000 6.60383498754144
3105000 5.61939961929212
3110000 5.21438257809662
3115000 5.16547306349827
3120000 5.14630261795785
3125000 6.12623366963896
3130000 7.97519179920172
3135000 9.71727757799766
3140000 10.050347676831
3145000 8.62094274068436
3150000 6.80423407770115
3155000 5.22338944458888
3160000 4.36331880834118
3165000 4.42961070818193
3170000 4.98388012389474
3175000 6.22529919075565
3180000 7.35298031072393
3185000 7.60647600112739
3190000 6.99366907935876
3195000 6.14012346895392
3200000 4.99017840158125
3205000 4.53270590830454
3210000 5.14724122309012
3215000 5.83886188497799
3220000 6.81265308944181
3225000 7.54783120608905
3230000 7.76454326612923
3235000 7.79058947299258
3240000 7.12157338644065
3245000 6.64155390609701
3250000 6.13019309320025
3255000 5.92209869397027
3260000 6.19709406600754
3265000 6.2542459891996
3270000 6.05471059434431
3275000 5.82365880132539
3280000 6.23906644154677
3285000 6.55955340859913
3290000 6.22123111133223
3295000 6.46374810456214
3300000 7.07248011865125
3305000 7.1176586000681
3310000 6.5609990008434
3315000 5.68778040676682
3320000 5.30073005821298
3325000 5.02702012153196
3330000 4.93720616151807
3335000 5.2349272690934
3340000 5.88324403558542
3345000 5.13904729804563
3350000 5.14507079390472
3355000 5.05688565440845
3360000 6.01938354910924
3365000 6.17046692336644
3370000 5.91929700176221
3375000 5.4930057053092
3380000 5.00689637039503
3385000 4.99978391350643
3390000 4.59339887281744
3395000 4.53623795432962
3400000 5.17506400574064
3405000 5.9382345094493
3410000 6.79476431689532
3415000 7.1873243509001
3420000 6.99685275746928
3425000 7.1255316213138
3430000 6.78317951499119
3435000 5.80491002020175
3440000 5.28956991107751
3445000 4.93897312164318
3450000 5.36283907976296
3455000 6.51718660959674
3460000 7.61290208329853
3465000 7.75601400247743
3470000 6.61950139985553
3475000 5.49679725371151
3480000 4.57369660247828
3485000 4.53660074265026
3490000 3.98032270318387
3495000 4.09816260404909
3500000 4.58480871203929
3505000 4.56754065816748
3510000 5.03205891784915
3515000 4.95722959104294
3520000 4.52334017653058
3525000 4.52228949223024
3530000 4.89512039049497
3535000 5.70922041931761
3540000 6.52540951924338
3545000 7.30897016153188
3550000 7.852325758792
3555000 7.93408097944742
3560000 7.46160352330224
3565000 6.1714015937086
3570000 4.64875458074183
3575000 3.95770269759416
3580000 3.78077841465516
3585000 4.2081644470303
3590000 4.57030700513624
3595000 5.46808140398665
3600000 6.08888420615937
3605000 6.50736119997192
3610000 6.83298759887356
3615000 6.94579978980504
3620000 6.81778082078628
3625000 6.30624024874874
3630000 5.9593520430956
3635000 5.33732134212063
3640000 5.01727088425609
3645000 4.9074212405368
3650000 4.70151147454434
3655000 5.19120569039622
3660000 6.07161869178534
3665000 6.81001596780693
3670000 7.12010405057846
3675000 7.28094426046832
3680000 7.20782204166031
3685000 6.75301041420323
3690000 6.28700275860455
3695000 5.75886892512525
3700000 5.19290586610082
3705000 4.74723679157106
3710000 4.99925002588702
3715000 5.47804270937243
3720000 5.86711471379772
3725000 6.59103373874706
3730000 7.26197102666058
3735000 7.27071210578796
3740000 7.21605817838813
3745000 7.24273775266656
3750000 7.16154946381213
3755000 6.88249120601843
3760000 6.20859356898255
3765000 5.4172148628172
3770000 5.14240545706603
3775000 4.6839912705011
3780000 3.90056544119241
3785000 3.88335963008462
3790000 4.17512209046552
3795000 4.33635101798457
3800000 4.44077473790203
3805000 4.71437773650411
3810000 5.21807673605981
3815000 5.4985678881122
3820000 5.70941120087669
3825000 6.17011740187433
3830000 6.54503072076221
3835000 6.60958851571297
3840000 6.46035416116345
3845000 5.92669607318323
3850000 4.88332848536367
3855000 3.92912061798094
3860000 3.87313667598994
3865000 3.79898954708054
3870000 3.9347450524463
3875000 3.95506976539386
3880000 4.15224270451461
3885000 3.81039741657693
3890000 4.377494704253
3895000 4.90091340395907
3900000 4.92344207783831
3905000 5.15300801238744
3910000 5.30803183113793
3915000 5.2841097129262
3920000 5.39739494911914
3925000 5.45900416460385
3930000 5.45241701330691
3935000 5.57425738362484
3940000 5.69696463318953
3945000 5.23960999406966
3950000 5.0144694795946
3955000 5.24199902407557
3960000 5.34491206231013
3965000 5.48006553643487
3970000 6.02356579675919
3975000 6.22809588752104
3980000 6.65897433572323
3985000 6.44003735353283
3990000 5.95449707127208
3995000 5.4840432108488
4000000 5.1598853025205
