# Fix print output for fix mythermofile
2000000 12.3387369082742
2005000 9.88973221246656
2010000 7.04620053808012
2015000 4.74205335300675
2020000 4.43952679614504
2025000 5.76975410058376
2030000 7.78291373083368
2035000 9.35652150278481
2040000 9.97949169966834
2045000 9.20215164700231
2050000 7.61105296211395
2055000 6.33413904421118
2060000 5.70938593160724
2065000 6.27773482415306
2070000 7.18370955631578
2075000 7.61694242856257
2080000 7.78006390342729
2085000 8.3709358976968
2090000 8.64772870852176
2095000 8.65625703901133
2100000 8.21769744171834
2105000 7.09777007755205
2110000 6.40878067311182
2115000 6.67257271406292
2120000 7.05586118863922
2125000 7.28125898520205
2130000 6.65944652672379
2135000 6.49401009735957
2140000 6.15906022052723
2145000 6.72599821369427
2150000 7.78148433683729
2155000 7.61261994943263
2160000 6.50430973630377
2165000 5.57432766944803
2170000 5.15000938698495
2175000 5.59489459645638
2180000 5.21096442859648
2185000 5.93470315249061
2190000 6.87003561599619
2195000 8.00138288505098
2200000 7.23013891365358
2205000 5.51730463121862
2210000 4.54445358274063
2215000 3.72751408383654
2220000 3.85351171454144
2225000 4.35898397105481
2230000 5.13706505398997
2235000 6.05333062682274
2240000 5.84882731773831
2245000 5.99226294286041
2250000 5.99018561624488
2255000 6.19477288120639
2260000 5.64418100942822
2265000 5.25379125557129
2270000 4.97174066156942
2275000 4.87022968800936
2280000 4.85547026697531
2285000 4.45725437605626
2290000 4.19372217514083
2295000 4.22053647803607
2300000 4.8580392523681
2305000 6.08726438589743
2310000 6.16815380729419
2315000 6.09557816915256
2320000 6.23892612572112
2325000 5.79599708619377
2330000 5.46216105663379
2335000 5.42893593483724
2340000 5.18253012278152
2345000 4.9547154751889
2350000 5.21673860870971
2355000 5.76778352730032
2360000 6.32447231410916
2365000 6.48165881595083
2370000 6.30628621401582
2375000 5.76913522128935
2380000 5.29699727634484
2385000 4.78285312962273
2390000 4.50646828418277
2395000 4.73356982845509
2400000 5.32269885595681
2405000 5.780826279181
2410000 5.97817435217948
2415000 6.07619841246523
2420000 5.57747802782259
2425000 5.11355206463549
2430000 4.9153407988088
2435000 4.38597993789833
2440000 4.39395850034582
2445000 4.60623605614594
2450000 4.96024489035271
2455000 5.3788290532366
2460000 5.54599331842132
2465000 5.79600195670794
2470000 4.9795918721432
2475000 4.54239634214608
2480000 4.94461398103256
2485000 5.84159779899887
2490000 5.97466285819142
2495000 6.05906900585426
2500000 6.70405779902916
2505000 7.38073845614965
2510000 7.62832611527868
2515000 7.0574837364624
2520000 5.91006101349176
2525000 4.62400931940868
2530000 3.87406368863406
2535000 4.18340515739913
2540000 4.41212298320546
2545000 4.3289872370997
2550000 4.09293735439039
2555000 4.25970102188131
2560000 4.31469046034372
2565000 4.42491566262301
2570000 4.80617313452298
2575000 4.80813338299028
2580000 5.54120268016005
2585000 5.53899790300271
2590000 5.69639918784027
2595000 6.57869202207631
2600000 6.81423430968084
2605000 6.59157257980964
2610000 5.85785620208224
2615000 5.29599138453366
2620000 4.92240014376916
2625000 5.06304279557702
2630000 5.64476022588674
2635000 5.51799471483026
2640000 5.62351019022987
2645000 6.02426463238893
2650000 6.24078702206376
2655000 6.55851967951433
2660000 6.29623880141906
2665000 6.20152931150981
2670000 6.58984724717859
2675000 5.94679069729439
2680000 5.91610344171511
2685000 6.0402921695189
2690000 6.78924694821868
2695000 7.46853333405435
2700000 7.70821722984493
2705000 7.98938793147812
2710000 7.34639741760546
2715000 6.3443064515053
2720000 5.94209096365993
2725000 5.70837916217745
2730000 5.16915559020474
2735000 4.95679286350795
2740000 4.22320224376282
2745000 4.16959346371044
2750000 4.13799067017769
2755000 4.66372096728731
2760000 5.25340454741184
2765000 5.44514646302793
2770000 5.30461559869535
2775000 5.79635186758975
2780000 6.21244369660953
2785000 6.43070150636208
2790000 6.45062287401613
2795000 7.02257701078811
2800000 6.40413799105139
2805000 5.6974572514871
2810000 5.16010477854672
2815000 4.35539762205949
2820000 4.10765382623167
2825000 3.93972895074628
2830000 4.4118636244049
2835000 5.00576684622194
2840000 5.53194185027371
2845000 5.75421442682883
2850000 5.98457251065393
2855000 4.90997625344862
2860000 4.96598732174052
2865000 5.20219090401407
2870000 5.01214215984523
2875000 5.25582549098353
2880000 6.04413791908991
2885000 5.75056625789205
2890000 5.78709242935435
2895000 5.80805890739649
2900000 5.92309668910566
2905000 6.15482346821312
2910000 6.61722986016739
2915000 6.28525176239957
2920000 6.07378309114941
2925000 5.62999205636217
2930000 4.75170583443111
2935000 3.82943597651635
2940000 3.99226717789934
2945000 4.00814923425291
2950000 4.73308305619566
2955000 5.26728602349243
2960000 5.30725352133079
2965000 5.46360778709306
2970000 5.21822801500943
2975000 4.56711341497087
2980000 4.67826026170007
2985000 4.57376384749026
2990000 4.50361581139484
2995000 4.63118592685063
3000000 4.20278583384704
3005000 4.52197158567485
3010000 5.25188600893938
3015000 6.07107048929429
3020000 7.04948205634644
3025000 6.67912008062171
3030000 5.85844015496473
3035000 5.15182954606834
3040000 5.47207413679333
3045000 5.85240931513386
3050000 5.17020630378082
3055000 4.48542262159148
3060000 4.45497292430785
3065000 4.39238600038632
3070000 4.4360403949601
3075000 4.41472877590796
3080000 4.49876079499924
3085000 5.48238536884546
3090000 6.55981047756091
3095000 7.22041666751633
3100000 7.76828455582128
3105000 7.90305183766822
3110000 7.78367107895869
3115000 7.34758510584424
3120000 6.73904910407577
3125000 5.52582545468672
3130000 4.49992422909267
3135000 4.20228390482805
3140000 5.13775625059124
3145000 6.01117654878765
3150000 7.0513382902428
3155000 7.5844258658629
3160000 7.1727427277054
3165000 6.51018464984642
3170000 5.76847604627188
3175000 4.96252043916816
3180000 4.35011504053893
3185000 3.44975973763972
3190000 4.01245836617839
3195000 5.20017195365275
3200000 5.93368571658457
3205000 6.49350708755849
3210000 6.26728381667385
3215000 6.3232906361514
3220000 6.32355252828117
3225000 5.82867570310621
3230000 5.25117388832739
3235000 4.5431694588277
3240000 4.59238031190561
3245000 4.78141969505532
3250000 5.48648362177933
3255000 5.56516380298579
3260000 5.41675771001739
3265000 5.2825859236771
3270000 5.38270958952191
3275000 5.62954950981853
3280000 6.10584847578368
3285000 5.75351008650166
3290000 5.97951123881399
3295000 6.21250491619574
3300000 6.4522672054999
3305000 6.65466493293057
3310000 6.61276784877725
3315000 6.56754598364475
3320000 6.11508379168829
3325000 5.99601325067617
3330000 5.20932795387602
3335000 4.97468821520042
3340000 5.06173097349079
3345000 5.23209371729471
3350000 4.38386549515252
3355000 4.54547936667367
3360000 4.90371838279349
3365000 5.77406677108769
3370000 6.29280827892695
3375000 6.60641716205525
3380000 7.19545897478988
3385000 7.03220753394153
3390000 6.56809475785516
3395000 5.50302922632252
3400000 4.73162758522382
3405000 4.21679014953826
3410000 3.80075991170998
3415000 3.82732536386258
3420000 4.15577744332342
3425000 4.30670528269868
3430000 4.28565119049695
3435000 4.93136108644167
3440000 5.34895488683577
3445000 5.3427047014662
3450000 4.91248774444885
3455000 4.70789493943251
3460000 4.70230324766253
3465000 4.7800322448568
3470000 5.09845915078976
3475000 4.98355466749437
3480000 5.60813736337319
3485000 6.53085251181068
3490000 7.29075603291681
3495000 7.26796337977351
3500000 7.47516836948091
3505000 7.89600931557344
3510000 6.81762248119218
3515000 5.29162480546515
3520000 4.45269941472576
3525000 4.20739404183562
3530000 4.52725107950132
3535000 4.98636539213537
3540000 5.36803874911941
3545000 5.46407784218443
3550000 5.71782042306717
3555000 6.0994407975135
3560000 6.85878227096025
3565000 7.11644410019713
3570000 6.54890837577269
3575000 5.76042042797058
3580000 5.10669721245958
3585000 5.14228005603665
3590000 5.99668424955101
3595000 6.40945634038202
3600000 5.87724444518973
3605000 5.3908982208329
3610000 5.24820897688105
3615000 4.36842908591671
3620000 3.61258065418001
3625000 4.23062015468433
3630000 4.32707573349307
3635000 3.9589622204607
3640000 4.07132012338629
3645000 4.46418824816484
3650000 4.93586327751787
3655000 6.15550597392906
3660000 6.8277666682703
3665000 6.76103717496528
3670000 6.80267031274793
3675000 6.14410849345108
3680000 5.50769146908742
3685000 4.83546321228879
3690000 4.84464275498259
3695000 5.37920837040515
3700000 6.21681037035305
3705000 5.8064661304451
3710000 5.31726944161835
3715000 5.82633197458548
3720000 6.3614430384178
3725000 6.82074011613921
3730000 7.46138332441022
3735000 7.20268610557919
3740000 7.01368484617266
3745000 6.69963897083187
3750000 5.90970865023709
3755000 4.85678184940569
3760000 5.52074265785653
3765000 5.93277058751553
3770000 5.44579752023863
3775000 5.21954270219045
3780000 5.06857465970145
3785000 5.66670750653065
3790000 6.0548968869096
3795000 6.26617353714759
3800000 6.1785863791699
3805000 6.28298273486937
3810000 5.73776417244548
3815000 5.0933150523501
3820000 4.19042039913029
3825000 4.15159492098781
3830000 5.50686545091309
3835000 6.22832576468035
3840000 7.37036540656833
3845000 7.57088935297971
3850000 6.74886669112837
3855000 5.79913878974533
3860000 5.43776593860089
3865000 4.63703393935364
3870000 4.33260257176908
3875000 4.28704992289575
3880000 3.99657419592843
3885000 3.58822536917781
3890000 3.95512937046602
3895000 4.85322804454155
3900000 5.31916036290468
3905000 5.58635643716146
3910000 5.4855585951738
3915000 5.78483202821231
3920000 5.59654734151705
3925000 5.62941945336074
3930000 5.07509471178171
3935000 4.11262924774828
3940000 4.13736576029808
3945000 5.2865578210109
3950000 6.08924893964245
3955000 6.39007770168101
3960000 5.41389647427512
3965000 5.04773042003136
3970000 5.17895377918616
3975000 4.58714158421536
3980000 3.90014169688599
3985000 4.02900795595216
3990000 4.57843097726847
3995000 5.13136920456406
4000000 6.13903603169652
