# tau MSD
0.000000000000000000e+00 0.000000000000000000e+00
1.000000000000000000e+00 1.125348054032312639e+00
2.000000000000000000e+00 1.676276539248512387e+00
3.000000000000000000e+00 1.960545364666395063e+00
4.000000000000000000e+00 2.848106010186940207e+00
5.000000000000000000e+00 3.104138399437631257e+00
6.000000000000000000e+00 3.716861974084435083e+00
7.000000000000000000e+00 3.485313145005993096e+00
8.000000000000000000e+00 3.998769173918789388e+00
9.000000000000000000e+00 4.029481232191635343e+00
1.000000000000000000e+01 4.665214413549036543e+00
1.100000000000000000e+01 4.915819633917835496e+00
1.200000000000000000e+01 5.298827509684869597e+00
1.300000000000000000e+01 5.469411691238907025e+00
1.400000000000000000e+01 5.724719220023307464e+00
1.500000000000000000e+01 5.836734845639401925e+00
1.600000000000000000e+01 5.814621951293449165e+00
1.700000000000000000e+01 6.222797447008657556e+00
1.800000000000000000e+01 6.416064397174324085e+00
1.900000000000000000e+01 6.821502160964341144e+00
2.000000000000000000e+01 6.944347973776324068e+00
2.100000000000000000e+01 7.270603869855791324e+00
2.200000000000000000e+01 7.305517076150758626e+00
2.300000000000000000e+01 7.144363271044561259e+00
2.400000000000000000e+01 7.020788482284860521e+00
2.500000000000000000e+01 7.212796347735626057e+00
2.600000000000000000e+01 7.468278940038534763e+00
2.700000000000000000e+01 7.487195276896183138e+00
2.800000000000000000e+01 7.668876529193404679e+00
2.900000000000000000e+01 7.643640973023205554e+00
3.000000000000000000e+01 7.475131947949117617e+00
3.100000000000000000e+01 8.010619414469134725e+00
3.200000000000000000e+01 8.102567583745893032e+00
3.300000000000000000e+01 8.252089641066620018e+00
3.400000000000000000e+01 8.295528186265288539e+00
3.500000000000000000e+01 8.593954045633008576e+00
3.600000000000000000e+01 8.260589144920665206e+00
3.700000000000000000e+01 8.198176341452416693e+00
3.800000000000000000e+01 8.282881339084276817e+00
3.900000000000000000e+01 7.768582940543979021e+00
4.000000000000000000e+01 8.334138696019623538e+00
4.100000000000000000e+01 8.721483823164509985e+00
4.200000000000000000e+01 8.804737296772424671e+00
4.300000000000000000e+01 8.552771022526034272e+00
4.400000000000000000e+01 8.411407725655832834e+00
4.500000000000000000e+01 8.478861016537070583e+00
4.600000000000000000e+01 8.941288277392953177e+00
4.700000000000000000e+01 8.849011211748988970e+00
4.800000000000000000e+01 8.826638829766437766e+00
4.900000000000000000e+01 9.013968980701321243e+00
5.000000000000000000e+01 9.070365898919838799e+00
5.100000000000000000e+01 9.507892330733142217e+00
5.200000000000000000e+01 9.426028607502574985e+00
5.300000000000000000e+01 9.625320671797323868e+00
5.400000000000000000e+01 9.548889026096022192e+00
5.500000000000000000e+01 9.634514219766829868e+00
5.600000000000000000e+01 1.007381727066342947e+01
5.700000000000000000e+01 1.068005394086194393e+01
5.800000000000000000e+01 1.053832715173293799e+01
5.900000000000000000e+01 1.031084601258348776e+01
6.000000000000000000e+01 1.018547394223260838e+01
6.100000000000000000e+01 1.029747871922048041e+01
6.200000000000000000e+01 1.003348198985538176e+01
6.300000000000000000e+01 1.045459354684684783e+01
6.400000000000000000e+01 1.059936324052280021e+01
6.500000000000000000e+01 1.075966879378478680e+01
6.600000000000000000e+01 1.102521630223244387e+01
6.700000000000000000e+01 1.059478175878812500e+01
6.800000000000000000e+01 1.063520963705016875e+01
6.900000000000000000e+01 1.122775803370389447e+01
7.000000000000000000e+01 1.082229840905018570e+01
7.100000000000000000e+01 1.088414480169893395e+01
7.200000000000000000e+01 1.099541968755324106e+01
7.300000000000000000e+01 1.105981480502736503e+01
7.400000000000000000e+01 1.121884088504219257e+01
7.500000000000000000e+01 1.157027374039523160e+01
7.600000000000000000e+01 1.190703377321877809e+01
7.700000000000000000e+01 1.175454150251903407e+01
7.800000000000000000e+01 1.140329749636597612e+01
7.900000000000000000e+01 1.171567866598885921e+01
8.000000000000000000e+01 1.229987749152910581e+01
8.100000000000000000e+01 1.210519033198125527e+01
8.200000000000000000e+01 1.207927348888240715e+01
8.300000000000000000e+01 1.209609245913090625e+01
8.400000000000000000e+01 1.232997718989260605e+01
8.500000000000000000e+01 1.227886180991192866e+01
8.600000000000000000e+01 1.220256811108761141e+01
8.700000000000000000e+01 1.276972338822025321e+01
8.800000000000000000e+01 1.283973454130124026e+01
8.900000000000000000e+01 1.245254323334075508e+01
9.000000000000000000e+01 1.317582439241238035e+01
9.100000000000000000e+01 1.305575141727138266e+01
9.200000000000000000e+01 1.336747634464101431e+01
9.300000000000000000e+01 1.376552322068019230e+01
9.400000000000000000e+01 1.338282666902529350e+01
9.500000000000000000e+01 1.387711309707674090e+01
9.600000000000000000e+01 1.338664289558655796e+01
9.700000000000000000e+01 1.369036552604891099e+01
9.800000000000000000e+01 1.359778092273499439e+01
9.900000000000000000e+01 1.334438387595047715e+01
1.000000000000000000e+02 1.376703851591271111e+01
1.010000000000000000e+02 1.395824513046571624e+01
1.020000000000000000e+02 1.400916814604063987e+01
1.030000000000000000e+02 1.401678584159983210e+01
1.040000000000000000e+02 1.482245800873131181e+01
1.050000000000000000e+02 1.473304483053426672e+01
1.060000000000000000e+02 1.475029490857055414e+01
1.070000000000000000e+02 1.442669651805632824e+01
1.080000000000000000e+02 1.438885360136388591e+01
1.090000000000000000e+02 1.526068273138318254e+01
1.100000000000000000e+02 1.497761531212239561e+01
1.110000000000000000e+02 1.414422381499212378e+01
1.120000000000000000e+02 1.426843320781917512e+01
1.130000000000000000e+02 1.458618928789459090e+01
1.140000000000000000e+02 1.452352601302027324e+01
1.150000000000000000e+02 1.428357995566810601e+01
1.160000000000000000e+02 1.483054449918539675e+01
1.170000000000000000e+02 1.510685597870255847e+01
1.180000000000000000e+02 1.455746304136621561e+01
1.190000000000000000e+02 1.503523987380428473e+01
1.200000000000000000e+02 1.459648382996922322e+01
1.210000000000000000e+02 1.580690383838751778e+01
1.220000000000000000e+02 1.547586645366339653e+01
1.230000000000000000e+02 1.568971950420298356e+01
1.240000000000000000e+02 1.591634211229775708e+01
1.250000000000000000e+02 1.652540460186812510e+01
1.260000000000000000e+02 1.661083084415447786e+01
1.270000000000000000e+02 1.673566951462622399e+01
1.280000000000000000e+02 1.698408064420110364e+01
1.290000000000000000e+02 1.715792650864185021e+01
1.300000000000000000e+02 1.734442044541518868e+01
1.310000000000000000e+02 1.762421396631715709e+01
1.320000000000000000e+02 1.779418223695246581e+01
1.330000000000000000e+02 1.816748184513318165e+01
1.340000000000000000e+02 1.819781172319311224e+01
1.350000000000000000e+02 1.842371493855425868e+01
1.360000000000000000e+02 1.840147245250001262e+01
1.370000000000000000e+02 1.972836585573538315e+01
1.380000000000000000e+02 1.986729173097383949e+01
1.390000000000000000e+02 2.012063431273921310e+01
1.400000000000000000e+02 1.988864486949079335e+01
1.410000000000000000e+02 1.930644449206933544e+01
1.420000000000000000e+02 2.023613968477565095e+01
1.430000000000000000e+02 1.985956313107041282e+01
1.440000000000000000e+02 1.975155857794219827e+01
1.450000000000000000e+02 1.964026870292990878e+01
1.460000000000000000e+02 2.079350609049624055e+01
1.470000000000000000e+02 2.043782467189864249e+01
1.480000000000000000e+02 2.115166214191033589e+01
1.490000000000000000e+02 2.034613704941559931e+01
1.500000000000000000e+02 2.106652532253727728e+01
1.510000000000000000e+02 2.123638952085716980e+01
1.520000000000000000e+02 2.134019741281313642e+01
1.530000000000000000e+02 2.072689530475703634e+01
1.540000000000000000e+02 2.127927269561233103e+01
1.550000000000000000e+02 2.087089145761763476e+01
1.560000000000000000e+02 2.100482936443043869e+01
1.570000000000000000e+02 2.119221082399325695e+01
1.580000000000000000e+02 2.061700003617342247e+01
1.590000000000000000e+02 2.084215618992038799e+01
1.600000000000000000e+02 2.048324801093638214e+01
1.610000000000000000e+02 2.000413344075493782e+01
1.620000000000000000e+02 2.026230969903208390e+01
1.630000000000000000e+02 2.096494066877329487e+01
1.640000000000000000e+02 2.107551974839404707e+01
1.650000000000000000e+02 2.140324164928631845e+01
1.660000000000000000e+02 2.159885151762349054e+01
1.670000000000000000e+02 2.193109816718112626e+01
1.680000000000000000e+02 2.281663695181127949e+01
1.690000000000000000e+02 2.304931334006357346e+01
1.700000000000000000e+02 2.346765828168161860e+01
1.710000000000000000e+02 2.373583819476444035e+01
1.720000000000000000e+02 2.346562077408172087e+01
1.730000000000000000e+02 2.368706031122201594e+01
1.740000000000000000e+02 2.335473997333785690e+01
1.750000000000000000e+02 2.341557557798222788e+01
1.760000000000000000e+02 2.363680611528774733e+01
1.770000000000000000e+02 2.439401360559267573e+01
1.780000000000000000e+02 2.496148005392991820e+01
1.790000000000000000e+02 2.517071101163524460e+01
1.800000000000000000e+02 2.477441294443967124e+01
1.810000000000000000e+02 2.448095573972203098e+01
1.820000000000000000e+02 2.451157927134082826e+01
1.830000000000000000e+02 2.428779775358737325e+01
1.840000000000000000e+02 2.439815281666386682e+01
1.850000000000000000e+02 2.516536808962872840e+01
1.860000000000000000e+02 2.540567756861299387e+01
1.870000000000000000e+02 2.514975651903578679e+01
1.880000000000000000e+02 2.453182312489646222e+01
1.890000000000000000e+02 2.603450676856524026e+01
1.900000000000000000e+02 2.609164031369133241e+01
1.910000000000000000e+02 2.690567286821609017e+01
1.920000000000000000e+02 2.656690843473668551e+01
1.930000000000000000e+02 2.670407024787830252e+01
1.940000000000000000e+02 2.618347041192012625e+01
1.950000000000000000e+02 2.638558959465519749e+01
1.960000000000000000e+02 2.549620440512162389e+01
1.970000000000000000e+02 2.675510922571981354e+01
1.980000000000000000e+02 2.591963779929498912e+01
1.990000000000000000e+02 2.662202322997806547e+01
2.000000000000000000e+02 2.656511407892671883e+01
2.010000000000000000e+02 2.590335122996934558e+01
2.020000000000000000e+02 2.648769007798787101e+01
2.030000000000000000e+02 2.686843413690863258e+01
2.040000000000000000e+02 2.617023077439177925e+01
2.050000000000000000e+02 2.698400953807541924e+01
2.060000000000000000e+02 2.673771648884341090e+01
2.070000000000000000e+02 2.640978360248588785e+01
2.080000000000000000e+02 2.675651309349187557e+01
2.090000000000000000e+02 2.753451475725397302e+01
2.100000000000000000e+02 2.721273970968587719e+01
2.110000000000000000e+02 2.654725256388307741e+01
2.120000000000000000e+02 2.666283961407932424e+01
2.130000000000000000e+02 2.705252407814099058e+01
2.140000000000000000e+02 2.683407221612342397e+01
2.150000000000000000e+02 2.714732247765825690e+01
2.160000000000000000e+02 2.710862084543281370e+01
2.170000000000000000e+02 2.712302635555561992e+01
2.180000000000000000e+02 2.743373999563206667e+01
2.190000000000000000e+02 2.772376556863838815e+01
2.200000000000000000e+02 2.796626446697343837e+01
2.210000000000000000e+02 2.802738100050574488e+01
2.220000000000000000e+02 2.901731917631221691e+01
2.230000000000000000e+02 2.842686616426591684e+01
2.240000000000000000e+02 2.856813614553478331e+01
2.250000000000000000e+02 2.880646243838095089e+01
2.260000000000000000e+02 2.976020647299309019e+01
2.270000000000000000e+02 2.969737559449157516e+01
2.280000000000000000e+02 2.919749339628073059e+01
2.290000000000000000e+02 2.939975715467740258e+01
2.300000000000000000e+02 2.861801318867316724e+01
2.310000000000000000e+02 2.867041382385605175e+01
2.320000000000000000e+02 2.808559241697900077e+01
2.330000000000000000e+02 2.798119622001874518e+01
2.340000000000000000e+02 2.811227767754760265e+01
2.350000000000000000e+02 2.951270916414945589e+01
2.360000000000000000e+02 2.973144781535486203e+01
2.370000000000000000e+02 2.981371124924809379e+01
2.380000000000000000e+02 2.948962948562678221e+01
2.390000000000000000e+02 3.002646162901235272e+01
2.400000000000000000e+02 3.059562772806500419e+01
2.410000000000000000e+02 3.126749749454553751e+01
2.420000000000000000e+02 3.111842868915999460e+01
2.430000000000000000e+02 3.135561099865735457e+01
2.440000000000000000e+02 3.057913885479624483e+01
2.450000000000000000e+02 3.155532085697142719e+01
2.460000000000000000e+02 3.196480860960330972e+01
2.470000000000000000e+02 3.160814209464209767e+01
2.480000000000000000e+02 3.160605916266152349e+01
2.490000000000000000e+02 3.295426183400292786e+01
2.500000000000000000e+02 3.268411953597325947e+01
2.510000000000000000e+02 3.227428230057354597e+01
2.520000000000000000e+02 3.279012936002139611e+01
2.530000000000000000e+02 3.293007905316994766e+01
2.540000000000000000e+02 3.278308659323726459e+01
2.550000000000000000e+02 3.264906878413205504e+01
2.560000000000000000e+02 3.293979431539245439e+01
2.570000000000000000e+02 3.322058793351809669e+01
2.580000000000000000e+02 3.370352628120489413e+01
2.590000000000000000e+02 3.350330899396711715e+01
2.600000000000000000e+02 3.410203441088945908e+01
2.610000000000000000e+02 3.496585008009945739e+01
2.620000000000000000e+02 3.426607814171325117e+01
2.630000000000000000e+02 3.420077833128979705e+01
2.640000000000000000e+02 3.474129197231447108e+01
2.650000000000000000e+02 3.568504102788330812e+01
2.660000000000000000e+02 3.677713014340741893e+01
2.670000000000000000e+02 3.737576676330875358e+01
2.680000000000000000e+02 3.694386679692708952e+01
2.690000000000000000e+02 3.625001119798425009e+01
2.700000000000000000e+02 3.777657092136443850e+01
2.710000000000000000e+02 3.831888279009688603e+01
2.720000000000000000e+02 3.868107520976347047e+01
2.730000000000000000e+02 3.744653999393581500e+01
2.740000000000000000e+02 3.697992617989974917e+01
2.750000000000000000e+02 3.706588699316043289e+01
2.760000000000000000e+02 3.747651916439283326e+01
2.770000000000000000e+02 3.726576795329015823e+01
2.780000000000000000e+02 3.772602271712552380e+01
2.790000000000000000e+02 3.829695096934186438e+01
2.800000000000000000e+02 3.845596176047335035e+01
2.810000000000000000e+02 3.794062461579569856e+01
2.820000000000000000e+02 3.882372415718417358e+01
2.830000000000000000e+02 3.888035179658439944e+01
2.840000000000000000e+02 3.844733518037387654e+01
2.850000000000000000e+02 3.801533445968965452e+01
2.860000000000000000e+02 3.877494586893368478e+01
2.870000000000000000e+02 3.848471270247505061e+01
2.880000000000000000e+02 3.837445594231498802e+01
2.890000000000000000e+02 3.835513805142646504e+01
2.900000000000000000e+02 3.779224057325571096e+01
2.910000000000000000e+02 3.950076632286042866e+01
2.920000000000000000e+02 3.946108224197152481e+01
2.930000000000000000e+02 3.950292774129464135e+01
2.940000000000000000e+02 3.966088256334165152e+01
2.950000000000000000e+02 3.924523107071938455e+01
2.960000000000000000e+02 4.008232942905703311e+01
2.970000000000000000e+02 4.040953184459677772e+01
2.980000000000000000e+02 3.995674161847616546e+01
2.990000000000000000e+02 4.072098889743301697e+01
3.000000000000000000e+02 4.058205073321976641e+01
3.010000000000000000e+02 4.086409525807559362e+01
3.020000000000000000e+02 4.017697659599491544e+01
3.030000000000000000e+02 4.130971679690105702e+01
3.040000000000000000e+02 4.129471136608060533e+01
3.050000000000000000e+02 4.146319569560580476e+01
3.060000000000000000e+02 4.125183914154982290e+01
3.070000000000000000e+02 4.200255508453158626e+01
3.080000000000000000e+02 4.266978723834905907e+01
3.090000000000000000e+02 4.396092129186627773e+01
3.100000000000000000e+02 4.416273352323558754e+01
3.110000000000000000e+02 4.439094255349907314e+01
3.120000000000000000e+02 4.369957225000412393e+01
3.130000000000000000e+02 4.392429100746704762e+01
3.140000000000000000e+02 4.317100914282197976e+01
3.150000000000000000e+02 4.435857161348883437e+01
3.160000000000000000e+02 4.383069206104121207e+01
3.170000000000000000e+02 4.481345801912360116e+01
3.180000000000000000e+02 4.502090888838932869e+01
3.190000000000000000e+02 4.508547436465243408e+01
3.200000000000000000e+02 4.523077531574958954e+01
3.210000000000000000e+02 4.649593623903088968e+01
3.220000000000000000e+02 4.535730899899786550e+01
3.230000000000000000e+02 4.486341962563547270e+01
3.240000000000000000e+02 4.495779572757264475e+01
3.250000000000000000e+02 4.577223207414391482e+01
3.260000000000000000e+02 4.674464410283815141e+01
3.270000000000000000e+02 4.628815458816768569e+01
3.280000000000000000e+02 4.535813225313034991e+01
3.290000000000000000e+02 4.537216297280972555e+01
3.300000000000000000e+02 4.627943676294364650e+01
3.310000000000000000e+02 4.623158783298934082e+01
3.320000000000000000e+02 4.589802179927283277e+01
3.330000000000000000e+02 4.655652735129147857e+01
3.340000000000000000e+02 4.666999457139529284e+01
3.350000000000000000e+02 4.591735183227840622e+01
3.360000000000000000e+02 4.679612041460983107e+01
3.370000000000000000e+02 4.653340105941951776e+01
3.380000000000000000e+02 4.760634132203497870e+01
3.390000000000000000e+02 4.828997069945043563e+01
3.400000000000000000e+02 4.847333229535765042e+01
3.410000000000000000e+02 4.882387510870073299e+01
3.420000000000000000e+02 4.771795103072047084e+01
3.430000000000000000e+02 4.758494809890500221e+01
3.440000000000000000e+02 4.752533279552964274e+01
3.450000000000000000e+02 4.750718047568317814e+01
3.460000000000000000e+02 4.771686316220890944e+01
3.470000000000000000e+02 4.827325284252967208e+01
3.480000000000000000e+02 4.988302491576155262e+01
3.490000000000000000e+02 4.979055208957360890e+01
3.500000000000000000e+02 5.028261609878975946e+01
3.510000000000000000e+02 5.073908001287089320e+01
3.520000000000000000e+02 5.022417714728256044e+01
3.530000000000000000e+02 5.157980876874704279e+01
3.540000000000000000e+02 5.149843236581163808e+01
3.550000000000000000e+02 4.984253320153738542e+01
3.560000000000000000e+02 4.965695472735365001e+01
3.570000000000000000e+02 5.035020425379340736e+01
3.580000000000000000e+02 4.965731017082454457e+01
3.590000000000000000e+02 5.117257053967934866e+01
3.600000000000000000e+02 5.077681064834182223e+01
3.610000000000000000e+02 5.177042485576099295e+01
3.620000000000000000e+02 5.086206436523560370e+01
3.630000000000000000e+02 5.014204133729840862e+01
3.640000000000000000e+02 5.048253787820242167e+01
3.650000000000000000e+02 5.121651173808861301e+01
3.660000000000000000e+02 5.057017763405546873e+01
3.670000000000000000e+02 5.038459565638958537e+01
3.680000000000000000e+02 5.136552677963236846e+01
3.690000000000000000e+02 5.095376760063205523e+01
3.700000000000000000e+02 5.080348332421122137e+01
3.710000000000000000e+02 5.191486361572395225e+01
3.720000000000000000e+02 5.079580952802589167e+01
3.730000000000000000e+02 5.096038278034939140e+01
3.740000000000000000e+02 4.992579686432590336e+01
3.750000000000000000e+02 5.007709185965455134e+01
3.760000000000000000e+02 5.054692734243569419e+01
3.770000000000000000e+02 5.071249610156629473e+01
3.780000000000000000e+02 5.291129877529476033e+01
3.790000000000000000e+02 5.265438298136740514e+01
3.800000000000000000e+02 5.216518435044078927e+01
3.810000000000000000e+02 5.208220189107245091e+01
3.820000000000000000e+02 5.274100793156093658e+01
3.830000000000000000e+02 5.249792168026862527e+01
3.840000000000000000e+02 5.308064888948877069e+01
3.850000000000000000e+02 5.253057574209777414e+01
3.860000000000000000e+02 5.327866716334565922e+01
3.870000000000000000e+02 5.394005980152198276e+01
3.880000000000000000e+02 5.301851578567291767e+01
3.890000000000000000e+02 5.302325158121543325e+01
3.900000000000000000e+02 5.206494291556822418e+01
3.910000000000000000e+02 5.229008576832425348e+01
3.920000000000000000e+02 5.376325001529779968e+01
3.930000000000000000e+02 5.371080091543603174e+01
3.940000000000000000e+02 5.500663399887572780e+01
3.950000000000000000e+02 5.405342372008853147e+01
3.960000000000000000e+02 5.397265634965179970e+01
3.970000000000000000e+02 5.387357615946967115e+01
3.980000000000000000e+02 5.348331912664095000e+01
3.990000000000000000e+02 5.296327847811702583e+01
4.000000000000000000e+02 5.228027029389870961e+01
4.010000000000000000e+02 5.404084909621060717e+01
4.020000000000000000e+02 5.360557316643172499e+01
4.030000000000000000e+02 5.451139061739861802e+01
4.040000000000000000e+02 5.530434851955480724e+01
4.050000000000000000e+02 5.645762696117813562e+01
4.060000000000000000e+02 5.644233201489434038e+01
4.070000000000000000e+02 5.682483717115061239e+01
4.080000000000000000e+02 5.638077923136501113e+01
4.090000000000000000e+02 5.684742929313429727e+01
4.100000000000000000e+02 5.703463763792913710e+01
4.110000000000000000e+02 5.729763789690147036e+01
4.120000000000000000e+02 5.680741031667056973e+01
4.130000000000000000e+02 5.749506893590145040e+01
4.140000000000000000e+02 5.912021189163251478e+01
4.150000000000000000e+02 5.951689430745249609e+01
4.160000000000000000e+02 5.907621343575589634e+01
4.170000000000000000e+02 6.090167409176788738e+01
4.180000000000000000e+02 6.262020446869427559e+01
4.190000000000000000e+02 6.354024996427770589e+01
4.200000000000000000e+02 6.294025517460892161e+01
4.210000000000000000e+02 6.329981620599830450e+01
4.220000000000000000e+02 6.423665014410293850e+01
4.230000000000000000e+02 6.355314788495343237e+01
4.240000000000000000e+02 6.559014757377482852e+01
4.250000000000000000e+02 6.597466350374160982e+01
4.260000000000000000e+02 6.583421415090576545e+01
4.270000000000000000e+02 6.556564648673192153e+01
4.280000000000000000e+02 6.610860683885792355e+01
4.290000000000000000e+02 6.633845945598137916e+01
4.300000000000000000e+02 6.802966090324454740e+01
4.310000000000000000e+02 6.866197344394494451e+01
4.320000000000000000e+02 6.871965472508199468e+01
4.330000000000000000e+02 6.944068753268815897e+01
4.340000000000000000e+02 6.969855824726805338e+01
4.350000000000000000e+02 7.012196250102692829e+01
4.360000000000000000e+02 6.993352693126504960e+01
4.370000000000000000e+02 7.057029198055209918e+01
4.380000000000000000e+02 7.114719341505121974e+01
4.390000000000000000e+02 7.273589166957381735e+01
4.400000000000000000e+02 7.271894998597363724e+01
4.410000000000000000e+02 7.379051471936992357e+01
4.420000000000000000e+02 7.346649660821843497e+01
4.430000000000000000e+02 7.364362043997144269e+01
4.440000000000000000e+02 7.548483991405127824e+01
4.450000000000000000e+02 7.569776209686611423e+01
4.460000000000000000e+02 7.561612581424969903e+01
4.470000000000000000e+02 7.460232011878306935e+01
4.480000000000000000e+02 7.560987939134847124e+01
4.490000000000000000e+02 7.634154043559875902e+01
4.500000000000000000e+02 7.747834767029048919e+01
4.510000000000000000e+02 7.880065895256674935e+01
4.520000000000000000e+02 8.095763889387858114e+01
4.530000000000000000e+02 8.149323226715358715e+01
4.540000000000000000e+02 8.151806835615109037e+01
4.550000000000000000e+02 7.930257595623002942e+01
4.560000000000000000e+02 7.887844692628289067e+01
4.570000000000000000e+02 7.997343819811338506e+01
4.580000000000000000e+02 8.102808934159280341e+01
4.590000000000000000e+02 8.270319974733790502e+01
4.600000000000000000e+02 8.229320472068611991e+01
4.610000000000000000e+02 8.275292361605544045e+01
4.620000000000000000e+02 8.344113563914774545e+01
4.630000000000000000e+02 8.321936984028981499e+01
4.640000000000000000e+02 8.277402558262359378e+01
4.650000000000000000e+02 8.492023447610716858e+01
4.660000000000000000e+02 8.582681744308250416e+01
4.670000000000000000e+02 8.476710525210630465e+01
4.680000000000000000e+02 8.501578163114922404e+01
4.690000000000000000e+02 8.433561301304136748e+01
4.700000000000000000e+02 8.592126317456610707e+01
4.710000000000000000e+02 8.565491047968355076e+01
4.720000000000000000e+02 8.608454800007412189e+01
4.730000000000000000e+02 8.795337579466796285e+01
4.740000000000000000e+02 8.886114323014268734e+01
4.750000000000000000e+02 8.955320268191485411e+01
4.760000000000000000e+02 9.013470150120713242e+01
4.770000000000000000e+02 9.125761018366219446e+01
4.780000000000000000e+02 9.062248011214688859e+01
4.790000000000000000e+02 9.119829729792859041e+01
4.800000000000000000e+02 9.286894968916274706e+01
4.810000000000000000e+02 9.363220852114970683e+01
4.820000000000000000e+02 9.291296142225975530e+01
4.830000000000000000e+02 9.313360008179871841e+01
4.840000000000000000e+02 9.363544569187186539e+01
4.850000000000000000e+02 9.364194609148302106e+01
4.860000000000000000e+02 9.505351389145984342e+01
4.870000000000000000e+02 9.450158105852955259e+01
4.880000000000000000e+02 9.546872157099593892e+01
4.890000000000000000e+02 9.665767019332295718e+01
4.900000000000000000e+02 9.751323637708472347e+01
4.910000000000000000e+02 9.688279801253902690e+01
4.920000000000000000e+02 9.741786435946578138e+01
4.930000000000000000e+02 9.847096377027435210e+01
4.940000000000000000e+02 9.960155396434545594e+01
4.950000000000000000e+02 9.925051545645948181e+01
4.960000000000000000e+02 9.869289886048700566e+01
4.970000000000000000e+02 9.976891863997870757e+01
4.980000000000000000e+02 1.002577028094285083e+02
4.990000000000000000e+02 9.939823740991580792e+01
5.000000000000000000e+02 1.008675458235866103e+02
5.010000000000000000e+02 1.032780677412879129e+02
5.020000000000000000e+02 1.041629412932791325e+02
5.030000000000000000e+02 1.041492612326833722e+02
5.040000000000000000e+02 1.042464371985787039e+02
5.050000000000000000e+02 1.039656947751509364e+02
5.060000000000000000e+02 1.041082843479798896e+02
5.070000000000000000e+02 1.068629264120066154e+02
5.080000000000000000e+02 1.082942604686300285e+02
5.090000000000000000e+02 1.068627662644426124e+02
5.100000000000000000e+02 1.063338036211454778e+02
5.110000000000000000e+02 1.075278790723486395e+02
5.120000000000000000e+02 1.079004354641706556e+02
5.130000000000000000e+02 1.080893105100446121e+02
5.140000000000000000e+02 1.081926236660243745e+02
5.150000000000000000e+02 1.091595777283930602e+02
5.160000000000000000e+02 1.107238373634598361e+02
5.170000000000000000e+02 1.115714632786998806e+02
5.180000000000000000e+02 1.115173342921582815e+02
5.190000000000000000e+02 1.134767079335623379e+02
5.200000000000000000e+02 1.124380340096964090e+02
5.210000000000000000e+02 1.119262441935905912e+02
5.220000000000000000e+02 1.118086874093277032e+02
5.230000000000000000e+02 1.129491351957197622e+02
5.240000000000000000e+02 1.115930728693099496e+02
5.250000000000000000e+02 1.118022567288280129e+02
5.260000000000000000e+02 1.128580541618110544e+02
5.270000000000000000e+02 1.134755370019047405e+02
5.280000000000000000e+02 1.142660346311467094e+02
5.290000000000000000e+02 1.168801209854206604e+02
5.300000000000000000e+02 1.173698280222949535e+02
5.310000000000000000e+02 1.184002065185012640e+02
5.320000000000000000e+02 1.184651811736080589e+02
5.330000000000000000e+02 1.185632983475445315e+02
5.340000000000000000e+02 1.190450075964360934e+02
5.350000000000000000e+02 1.208907681345170460e+02
5.360000000000000000e+02 1.211404589063328956e+02
5.370000000000000000e+02 1.225403759795699017e+02
5.380000000000000000e+02 1.226412678902505036e+02
5.390000000000000000e+02 1.225196284559239075e+02
5.400000000000000000e+02 1.227706916418369474e+02
5.410000000000000000e+02 1.244416991693978360e+02
5.420000000000000000e+02 1.241086003451288349e+02
5.430000000000000000e+02 1.257195131308357645e+02
5.440000000000000000e+02 1.252111622224985439e+02
5.450000000000000000e+02 1.253883412827642019e+02
5.460000000000000000e+02 1.254869190130333720e+02
5.470000000000000000e+02 1.270327679777350482e+02
5.480000000000000000e+02 1.279940075544369904e+02
5.490000000000000000e+02 1.290070021046290947e+02
5.500000000000000000e+02 1.286561393930826682e+02
5.510000000000000000e+02 1.297947134559036044e+02
5.520000000000000000e+02 1.327054438595008037e+02
5.530000000000000000e+02 1.317962736583470189e+02
5.540000000000000000e+02 1.308145637313172642e+02
5.550000000000000000e+02 1.327341752268622770e+02
5.560000000000000000e+02 1.331345691032055072e+02
5.570000000000000000e+02 1.346317867978279423e+02
5.580000000000000000e+02 1.338980409179472986e+02
5.590000000000000000e+02 1.337706435734143326e+02
5.600000000000000000e+02 1.335389001611224842e+02
5.610000000000000000e+02 1.359204851225467223e+02
5.620000000000000000e+02 1.351005821168551222e+02
5.630000000000000000e+02 1.360759349466266031e+02
5.640000000000000000e+02 1.351725991138568475e+02
5.650000000000000000e+02 1.360028023670077459e+02
5.660000000000000000e+02 1.384181218695983944e+02
5.670000000000000000e+02 1.402191657671426981e+02
5.680000000000000000e+02 1.406644002861279432e+02
5.690000000000000000e+02 1.401442519870790022e+02
5.700000000000000000e+02 1.405052604725287608e+02
5.710000000000000000e+02 1.407721978764705568e+02
5.720000000000000000e+02 1.425619186373784544e+02
5.730000000000000000e+02 1.441364426153704130e+02
5.740000000000000000e+02 1.462771092631614351e+02
5.750000000000000000e+02 1.469819080257370274e+02
5.760000000000000000e+02 1.463500813392866178e+02
5.770000000000000000e+02 1.466856187619148670e+02
5.780000000000000000e+02 1.473730579178470350e+02
5.790000000000000000e+02 1.487741106201288517e+02
5.800000000000000000e+02 1.491412865265837411e+02
5.810000000000000000e+02 1.486248605666671665e+02
5.820000000000000000e+02 1.491681852930073546e+02
5.830000000000000000e+02 1.486711372581647197e+02
5.840000000000000000e+02 1.497498562997054989e+02
5.850000000000000000e+02 1.463774402396914240e+02
5.860000000000000000e+02 1.467710224623254192e+02
5.870000000000000000e+02 1.467781825032233769e+02
5.880000000000000000e+02 1.491172443533878322e+02
5.890000000000000000e+02 1.497013159979548504e+02
5.900000000000000000e+02 1.501254036751392391e+02
5.910000000000000000e+02 1.505471096904838646e+02
5.920000000000000000e+02 1.510223497976941758e+02
5.930000000000000000e+02 1.523888404606819904e+02
5.940000000000000000e+02 1.516655493482817008e+02
5.950000000000000000e+02 1.499433171433142036e+02
5.960000000000000000e+02 1.508746376388270960e+02
5.970000000000000000e+02 1.510593510403856499e+02
5.980000000000000000e+02 1.492883287518193924e+02
5.990000000000000000e+02 1.503438186366983302e+02
6.000000000000000000e+02 1.497674095438947290e+02
6.010000000000000000e+02 1.501082264541990980e+02
6.020000000000000000e+02 1.508697581102399567e+02
6.030000000000000000e+02 1.538096577004129699e+02
6.040000000000000000e+02 1.537490158807087823e+02
6.050000000000000000e+02 1.557449177234807678e+02
6.060000000000000000e+02 1.564294051422290011e+02
6.070000000000000000e+02 1.574558757792622146e+02
6.080000000000000000e+02 1.595371686643816815e+02
6.090000000000000000e+02 1.595877880087627432e+02
6.100000000000000000e+02 1.623399906684041412e+02
6.110000000000000000e+02 1.637147940438497642e+02
6.120000000000000000e+02 1.630680042749850998e+02
6.130000000000000000e+02 1.632020567997445823e+02
6.140000000000000000e+02 1.630161479370331392e+02
6.150000000000000000e+02 1.643657567481274953e+02
6.160000000000000000e+02 1.648977513486645137e+02
6.170000000000000000e+02 1.667021591067303063e+02
6.180000000000000000e+02 1.680774598482840645e+02
6.190000000000000000e+02 1.668480657241478013e+02
6.200000000000000000e+02 1.683607103784888182e+02
6.210000000000000000e+02 1.691130091374974711e+02
6.220000000000000000e+02 1.712099165831415633e+02
6.230000000000000000e+02 1.718286493588261692e+02
6.240000000000000000e+02 1.715148237700024652e+02
6.250000000000000000e+02 1.725590466700427328e+02
6.260000000000000000e+02 1.727366946150679610e+02
6.270000000000000000e+02 1.763590135582868186e+02
6.280000000000000000e+02 1.760596039451795889e+02
6.290000000000000000e+02 1.764293105672216484e+02
6.300000000000000000e+02 1.788643951741154012e+02
6.310000000000000000e+02 1.824480247396651009e+02
6.320000000000000000e+02 1.840392660515435921e+02
6.330000000000000000e+02 1.829081717180139037e+02
6.340000000000000000e+02 1.833394521438058575e+02
6.350000000000000000e+02 1.834389986793314904e+02
6.360000000000000000e+02 1.851193689262121325e+02
6.370000000000000000e+02 1.838641154035039733e+02
6.380000000000000000e+02 1.839473620692035922e+02
6.390000000000000000e+02 1.834652872427965349e+02
6.400000000000000000e+02 1.845094776359215132e+02
6.410000000000000000e+02 1.864272175427623779e+02
6.420000000000000000e+02 1.896992547396687598e+02
6.430000000000000000e+02 1.919714408558029675e+02
6.440000000000000000e+02 1.909608242817047028e+02
6.450000000000000000e+02 1.922769430507614175e+02
6.460000000000000000e+02 1.918559697986601122e+02
6.470000000000000000e+02 1.930151944078444615e+02
6.480000000000000000e+02 1.943841780386861728e+02
6.490000000000000000e+02 1.965124895826419618e+02
6.500000000000000000e+02 1.985941186967169187e+02
6.510000000000000000e+02 2.006620678108167795e+02
6.520000000000000000e+02 2.006547402374762044e+02
6.530000000000000000e+02 2.018093101224025645e+02
6.540000000000000000e+02 2.025027104608602144e+02
6.550000000000000000e+02 2.014603125996553956e+02
6.560000000000000000e+02 2.025150661446102163e+02
6.570000000000000000e+02 2.044490299502949426e+02
6.580000000000000000e+02 2.050572900531349489e+02
6.590000000000000000e+02 2.071779991765043292e+02
6.600000000000000000e+02 2.068230531157619509e+02
6.610000000000000000e+02 2.093808610497628422e+02
6.620000000000000000e+02 2.090318375396577153e+02
6.630000000000000000e+02 2.103489110466925638e+02
6.640000000000000000e+02 2.131443733641629024e+02
6.650000000000000000e+02 2.134865072587664656e+02
6.660000000000000000e+02 2.129608523852935491e+02
6.670000000000000000e+02 2.145064667422404057e+02
6.680000000000000000e+02 2.153133040677395798e+02
6.690000000000000000e+02 2.161506505133081077e+02
6.700000000000000000e+02 2.171884912845314375e+02
6.710000000000000000e+02 2.179221481302077166e+02
6.720000000000000000e+02 2.173089179549784262e+02
6.730000000000000000e+02 2.185458341279816352e+02
6.740000000000000000e+02 2.210276440081435965e+02
6.750000000000000000e+02 2.231144106214174769e+02
6.760000000000000000e+02 2.250577845738189353e+02
6.770000000000000000e+02 2.261301003298538035e+02
6.780000000000000000e+02 2.268870037389360732e+02
6.790000000000000000e+02 2.267189117235321305e+02
6.800000000000000000e+02 2.294360475600636562e+02
6.810000000000000000e+02 2.294150564069371114e+02
6.820000000000000000e+02 2.305443462929346481e+02
6.830000000000000000e+02 2.310326549225751478e+02
6.840000000000000000e+02 2.306756046685960371e+02
6.850000000000000000e+02 2.315013284916241219e+02
6.860000000000000000e+02 2.319555727046653146e+02
6.870000000000000000e+02 2.320572356963440086e+02
6.880000000000000000e+02 2.340944316229528113e+02
6.890000000000000000e+02 2.350140398030179938e+02
6.900000000000000000e+02 2.375049895364816166e+02
6.910000000000000000e+02 2.363431212977661744e+02
6.920000000000000000e+02 2.374098318461229553e+02
6.930000000000000000e+02 2.379617589370869837e+02
6.940000000000000000e+02 2.374222920126898941e+02
6.950000000000000000e+02 2.384366086001342637e+02
6.960000000000000000e+02 2.395389951064595095e+02
6.970000000000000000e+02 2.375547624102606790e+02
6.980000000000000000e+02 2.376482942695291456e+02
6.990000000000000000e+02 2.405308969501530214e+02
7.000000000000000000e+02 2.434948895870028025e+02
7.010000000000000000e+02 2.440172491501475349e+02
7.020000000000000000e+02 2.446254293508548017e+02
7.030000000000000000e+02 2.478152267314264350e+02
7.040000000000000000e+02 2.468969402731444802e+02
7.050000000000000000e+02 2.499094927846763881e+02
7.060000000000000000e+02 2.513496799432625153e+02
7.070000000000000000e+02 2.514702962173057870e+02
7.080000000000000000e+02 2.544777602322119208e+02
7.090000000000000000e+02 2.519428206510026769e+02
7.100000000000000000e+02 2.533825576015752858e+02
7.110000000000000000e+02 2.532921455422616646e+02
7.120000000000000000e+02 2.540999340833877511e+02
7.130000000000000000e+02 2.566507209532462639e+02
7.140000000000000000e+02 2.555531376850848915e+02
7.150000000000000000e+02 2.522326401913203995e+02
7.160000000000000000e+02 2.544381605140681017e+02
7.170000000000000000e+02 2.539085557438836247e+02
7.180000000000000000e+02 2.551549032946628017e+02
7.190000000000000000e+02 2.561910431260303085e+02
7.200000000000000000e+02 2.554043870668649845e+02
7.210000000000000000e+02 2.574383684448900453e+02
7.220000000000000000e+02 2.576202921027178832e+02
7.230000000000000000e+02 2.585535296553566695e+02
7.240000000000000000e+02 2.601998422130665176e+02
7.250000000000000000e+02 2.633791400895348715e+02
7.260000000000000000e+02 2.644891967981200764e+02
7.270000000000000000e+02 2.654974532099847693e+02
7.280000000000000000e+02 2.649394375171308411e+02
7.290000000000000000e+02 2.675608954076857913e+02
7.300000000000000000e+02 2.692622050984348334e+02
7.310000000000000000e+02 2.694971572311052341e+02
7.320000000000000000e+02 2.699026158476054320e+02
7.330000000000000000e+02 2.716213940258065236e+02
7.340000000000000000e+02 2.739440686879622149e+02
7.350000000000000000e+02 2.760676599327883309e+02
7.360000000000000000e+02 2.766541472914586279e+02
7.370000000000000000e+02 2.819916458560010710e+02
7.380000000000000000e+02 2.823522612184162881e+02
7.390000000000000000e+02 2.832095237121980631e+02
7.400000000000000000e+02 2.853060753236646860e+02
7.410000000000000000e+02 2.863709790626110703e+02
7.420000000000000000e+02 2.865675757557528414e+02
7.430000000000000000e+02 2.878567936638413016e+02
7.440000000000000000e+02 2.879146707253125328e+02
7.450000000000000000e+02 2.865512777909054876e+02
7.460000000000000000e+02 2.898957745810187703e+02
7.470000000000000000e+02 2.895007833248719749e+02
7.480000000000000000e+02 2.919982821864807647e+02
7.490000000000000000e+02 2.954061444328687571e+02
7.500000000000000000e+02 2.957967763313687897e+02
7.510000000000000000e+02 2.979841270202290389e+02
7.520000000000000000e+02 2.995930286438562007e+02
7.530000000000000000e+02 2.996042617729765425e+02
7.540000000000000000e+02 2.984870782271944449e+02
7.550000000000000000e+02 2.973854991817366340e+02
7.560000000000000000e+02 2.984902419547059367e+02
7.570000000000000000e+02 2.998818684950916804e+02
7.580000000000000000e+02 3.008009758701691680e+02
7.590000000000000000e+02 3.044286252443142757e+02
7.600000000000000000e+02 3.050070897715087312e+02
7.610000000000000000e+02 3.049989049108065160e+02
7.620000000000000000e+02 3.046358491594456837e+02
7.630000000000000000e+02 3.040955499925539698e+02
7.640000000000000000e+02 3.070371175964741610e+02
7.650000000000000000e+02 3.075240171929108328e+02
7.660000000000000000e+02 3.078995073392516133e+02
7.670000000000000000e+02 3.093738505739815423e+02
7.680000000000000000e+02 3.105803195646414565e+02
7.690000000000000000e+02 3.112935521075536940e+02
7.700000000000000000e+02 3.163999350383646174e+02
7.710000000000000000e+02 3.169761705082738104e+02
7.720000000000000000e+02 3.180611867605147722e+02
7.730000000000000000e+02 3.212008113135063354e+02
7.740000000000000000e+02 3.215161779106666700e+02
7.750000000000000000e+02 3.229397016440369157e+02
7.760000000000000000e+02 3.235944396545624500e+02
7.770000000000000000e+02 3.233204019774433959e+02
7.780000000000000000e+02 3.248613675967709469e+02
7.790000000000000000e+02 3.234306980613562814e+02
7.800000000000000000e+02 3.252330949840473977e+02
7.810000000000000000e+02 3.231242246613276734e+02
7.820000000000000000e+02 3.268032796366534853e+02
7.830000000000000000e+02 3.288409857732416981e+02
7.840000000000000000e+02 3.283480138642956945e+02
7.850000000000000000e+02 3.304435343112887153e+02
7.860000000000000000e+02 3.256923418990689356e+02
7.870000000000000000e+02 3.279270466900458700e+02
7.880000000000000000e+02 3.312617010873205459e+02
7.890000000000000000e+02 3.362160681923967900e+02
7.900000000000000000e+02 3.388996784615133606e+02
7.910000000000000000e+02 3.381266546302817915e+02
7.920000000000000000e+02 3.400592574373304160e+02
7.930000000000000000e+02 3.409389928233093769e+02
7.940000000000000000e+02 3.413589567033732237e+02
7.950000000000000000e+02 3.419514737391289714e+02
7.960000000000000000e+02 3.440935708954860388e+02
7.970000000000000000e+02 3.448501676974016164e+02
7.980000000000000000e+02 3.433216571315950318e+02
7.990000000000000000e+02 3.414554258849955204e+02
8.000000000000000000e+02 3.433094405673149367e+02
