# tau MSD
0.000000000000000000e+00 0.000000000000000000e+00
1.000000000000000000e+00 1.196567030495993444e+00
2.000000000000000000e+00 1.891124562337828774e+00
3.000000000000000000e+00 2.587697033640766531e+00
4.000000000000000000e+00 3.214814600295690106e+00
5.000000000000000000e+00 3.437589979592216238e+00
6.000000000000000000e+00 3.691641305127630002e+00
7.000000000000000000e+00 3.895027251045687589e+00
8.000000000000000000e+00 4.083823441367159468e+00
9.000000000000000000e+00 4.481849904797339690e+00
1.000000000000000000e+01 4.575559636705453848e+00
1.100000000000000000e+01 4.589072135643355921e+00
1.200000000000000000e+01 4.603722130234634946e+00
1.300000000000000000e+01 5.136192164088828171e+00
1.400000000000000000e+01 5.187014349638138455e+00
1.500000000000000000e+01 5.599105100476500674e+00
1.600000000000000000e+01 5.594860141034785350e+00
1.700000000000000000e+01 5.936453837703503211e+00
1.800000000000000000e+01 6.094987703653263367e+00
1.900000000000000000e+01 6.150790984299886688e+00
2.000000000000000000e+01 6.359285822728645954e+00
2.100000000000000000e+01 6.450775583018510062e+00
2.200000000000000000e+01 6.541232838357707635e+00
2.300000000000000000e+01 6.621386383685096355e+00
2.400000000000000000e+01 6.719643753505310180e+00
2.500000000000000000e+01 6.973357457989902919e+00
2.600000000000000000e+01 7.268409262906028623e+00
2.700000000000000000e+01 7.067599324895995849e+00
2.800000000000000000e+01 7.315349361937490968e+00
2.900000000000000000e+01 7.154490195736614488e+00
3.000000000000000000e+01 7.421948120228648804e+00
3.100000000000000000e+01 7.504501308391827052e+00
3.200000000000000000e+01 7.772197171161493223e+00
3.300000000000000000e+01 8.609798976827622852e+00
3.400000000000000000e+01 8.754907776129567054e+00
3.500000000000000000e+01 8.752999613300435300e+00
3.600000000000000000e+01 8.799212368558944064e+00
3.700000000000000000e+01 9.224640150261143035e+00
3.800000000000000000e+01 9.482673072053799501e+00
3.900000000000000000e+01 9.351102894631766915e+00
4.000000000000000000e+01 9.734358622076323186e+00
4.100000000000000000e+01 9.854868895856991884e+00
4.200000000000000000e+01 9.977939709657723810e+00
4.300000000000000000e+01 9.421179288450602485e+00
4.400000000000000000e+01 9.675303686541290915e+00
4.500000000000000000e+01 9.954352103837118548e+00
4.600000000000000000e+01 9.278512333188389860e+00
4.700000000000000000e+01 9.092817771199531052e+00
4.800000000000000000e+01 9.089320349026348111e+00
4.900000000000000000e+01 9.264279127238237876e+00
5.000000000000000000e+01 8.736808371971076070e+00
5.100000000000000000e+01 8.946372046575440606e+00
5.200000000000000000e+01 9.187606497672858197e+00
5.300000000000000000e+01 9.430488314407318384e+00
5.400000000000000000e+01 9.503469420649476973e+00
5.500000000000000000e+01 9.469836828496589476e+00
5.600000000000000000e+01 9.950223397850548324e+00
5.700000000000000000e+01 1.001899134290032478e+01
5.800000000000000000e+01 1.016749537845308637e+01
5.900000000000000000e+01 1.045064885747776451e+01
6.000000000000000000e+01 1.044481809705368747e+01
6.100000000000000000e+01 1.017446638838177186e+01
6.200000000000000000e+01 1.014940908149470999e+01
6.300000000000000000e+01 1.052797368972813530e+01
6.400000000000000000e+01 1.072630302795446688e+01
6.500000000000000000e+01 1.102999721425126545e+01
6.600000000000000000e+01 1.117333175095714815e+01
6.700000000000000000e+01 1.132094147469010714e+01
6.800000000000000000e+01 1.098214991832443843e+01
6.900000000000000000e+01 1.100301067078263806e+01
7.000000000000000000e+01 1.123083176199682320e+01
7.100000000000000000e+01 1.107568883477578225e+01
7.200000000000000000e+01 1.065645621511169061e+01
7.300000000000000000e+01 1.127022503167663992e+01
7.400000000000000000e+01 1.127104593144824030e+01
7.500000000000000000e+01 1.181599618827989318e+01
7.600000000000000000e+01 1.195336429935148992e+01
7.700000000000000000e+01 1.268856477426968254e+01
7.800000000000000000e+01 1.289855297409637380e+01
7.900000000000000000e+01 1.306570589207358601e+01
8.000000000000000000e+01 1.351106543066420507e+01
8.100000000000000000e+01 1.369617427672459975e+01
8.200000000000000000e+01 1.361526473804389781e+01
8.300000000000000000e+01 1.354833911898378140e+01
8.400000000000000000e+01 1.323121348554554366e+01
8.500000000000000000e+01 1.377034368913458096e+01
8.600000000000000000e+01 1.403258313495008380e+01
8.700000000000000000e+01 1.404650653386184445e+01
8.800000000000000000e+01 1.407389975162276130e+01
8.900000000000000000e+01 1.357911981522667944e+01
9.000000000000000000e+01 1.336428943207594955e+01
9.100000000000000000e+01 1.369991574961773750e+01
9.200000000000000000e+01 1.341756047715861300e+01
9.300000000000000000e+01 1.366665089615902495e+01
9.400000000000000000e+01 1.401807432512632090e+01
9.500000000000000000e+01 1.449392982527299623e+01
9.600000000000000000e+01 1.433931341499553724e+01
9.700000000000000000e+01 1.399538785363389692e+01
9.800000000000000000e+01 1.460035210484609713e+01
9.900000000000000000e+01 1.468718817981276104e+01
1.000000000000000000e+02 1.515266520954712526e+01
1.010000000000000000e+02 1.453261235292367815e+01
1.020000000000000000e+02 1.481913209902352513e+01
1.030000000000000000e+02 1.489931072604814588e+01
1.040000000000000000e+02 1.444855510833521528e+01
1.050000000000000000e+02 1.457841426242647209e+01
1.060000000000000000e+02 1.485129020590294502e+01
1.070000000000000000e+02 1.505176552652563515e+01
1.080000000000000000e+02 1.470514746310341003e+01
1.090000000000000000e+02 1.529224019856060046e+01
1.100000000000000000e+02 1.579332094078381843e+01
1.110000000000000000e+02 1.607993113975388511e+01
1.120000000000000000e+02 1.661345099740045583e+01
1.130000000000000000e+02 1.688052546323076797e+01
1.140000000000000000e+02 1.633477640391779317e+01
1.150000000000000000e+02 1.684678027492995867e+01
1.160000000000000000e+02 1.693416278843380240e+01
1.170000000000000000e+02 1.708724584864850016e+01
1.180000000000000000e+02 1.741743643475269110e+01
1.190000000000000000e+02 1.703710683635821255e+01
1.200000000000000000e+02 1.776023725254676933e+01
1.210000000000000000e+02 1.782528966239905088e+01
1.220000000000000000e+02 1.720647987764163744e+01
1.230000000000000000e+02 1.793177693731701439e+01
1.240000000000000000e+02 1.812416343495457838e+01
1.250000000000000000e+02 1.796248155476645181e+01
1.260000000000000000e+02 1.846303642569131753e+01
1.270000000000000000e+02 1.854200494939185617e+01
1.280000000000000000e+02 1.848495675126260096e+01
1.290000000000000000e+02 1.920253758873761996e+01
1.300000000000000000e+02 1.882435472702196222e+01
1.310000000000000000e+02 1.822595092395672722e+01
1.320000000000000000e+02 1.920350408571624001e+01
1.330000000000000000e+02 1.876013969974543016e+01
1.340000000000000000e+02 1.907814980026278917e+01
1.350000000000000000e+02 1.856975892372333448e+01
1.360000000000000000e+02 1.905263500438765689e+01
1.370000000000000000e+02 1.899145043637916430e+01
1.380000000000000000e+02 1.914361904382360891e+01
1.390000000000000000e+02 1.910043600759775728e+01
1.400000000000000000e+02 1.962210244247499702e+01
1.410000000000000000e+02 1.962446818347981647e+01
1.420000000000000000e+02 1.997341490079191573e+01
1.430000000000000000e+02 2.017140520825119054e+01
1.440000000000000000e+02 2.020028252854511308e+01
1.450000000000000000e+02 2.033512464070802750e+01
1.460000000000000000e+02 2.091162885473768540e+01
1.470000000000000000e+02 2.040588062527646684e+01
1.480000000000000000e+02 2.034877288118272887e+01
1.490000000000000000e+02 2.032653888815591614e+01
1.500000000000000000e+02 2.012246532126464871e+01
1.510000000000000000e+02 2.056608507005450548e+01
1.520000000000000000e+02 2.194528084718671934e+01
1.530000000000000000e+02 2.088933822288332820e+01
1.540000000000000000e+02 2.096494278339198658e+01
1.550000000000000000e+02 2.047746566816488922e+01
1.560000000000000000e+02 2.102986927361650515e+01
1.570000000000000000e+02 2.072996112024688742e+01
1.580000000000000000e+02 2.120498134922096867e+01
1.590000000000000000e+02 2.120102573538406432e+01
1.600000000000000000e+02 2.076893358992476735e+01
1.610000000000000000e+02 2.110552739944857237e+01
1.620000000000000000e+02 2.139790894522515785e+01
1.630000000000000000e+02 2.233338677322248245e+01
1.640000000000000000e+02 2.200353144515933224e+01
1.650000000000000000e+02 2.205204564595953443e+01
1.660000000000000000e+02 2.236270476822628694e+01
1.670000000000000000e+02 2.270342981022602302e+01
1.680000000000000000e+02 2.291899862347649730e+01
1.690000000000000000e+02 2.283452655395715425e+01
1.700000000000000000e+02 2.319777881714002277e+01
1.710000000000000000e+02 2.383864455970983443e+01
1.720000000000000000e+02 2.376153858085117676e+01
1.730000000000000000e+02 2.420239271334029141e+01
1.740000000000000000e+02 2.399267297214303696e+01
1.750000000000000000e+02 2.397052185575694594e+01
1.760000000000000000e+02 2.405729150030607855e+01
1.770000000000000000e+02 2.391572642340248933e+01
1.780000000000000000e+02 2.346488372819631962e+01
1.790000000000000000e+02 2.316965258526228766e+01
1.800000000000000000e+02 2.357904152737255288e+01
1.810000000000000000e+02 2.338795539891616215e+01
1.820000000000000000e+02 2.377668037489233299e+01
1.830000000000000000e+02 2.334331296384689836e+01
1.840000000000000000e+02 2.279907229883686881e+01
1.850000000000000000e+02 2.291033351877036850e+01
1.860000000000000000e+02 2.273364226645883690e+01
1.870000000000000000e+02 2.182007125175697482e+01
1.880000000000000000e+02 2.327525700128682118e+01
1.890000000000000000e+02 2.343813350388384009e+01
1.900000000000000000e+02 2.335876446937156814e+01
1.910000000000000000e+02 2.417204671481781730e+01
1.920000000000000000e+02 2.447640186327364020e+01
1.930000000000000000e+02 2.384065797603436820e+01
1.940000000000000000e+02 2.437828071570737620e+01
1.950000000000000000e+02 2.455711624074224275e+01
1.960000000000000000e+02 2.527506465571706329e+01
1.970000000000000000e+02 2.522699310846080678e+01
1.980000000000000000e+02 2.423041151595738540e+01
1.990000000000000000e+02 2.462863559040514616e+01
2.000000000000000000e+02 2.390771786329348458e+01
2.010000000000000000e+02 2.331034943987901542e+01
2.020000000000000000e+02 2.396350869577403842e+01
2.030000000000000000e+02 2.333709597930305435e+01
2.040000000000000000e+02 2.408303534957416758e+01
2.050000000000000000e+02 2.486731532753986684e+01
2.060000000000000000e+02 2.482184528566477510e+01
2.070000000000000000e+02 2.483118787433996388e+01
2.080000000000000000e+02 2.575773215809710592e+01
2.090000000000000000e+02 2.521771698586767840e+01
2.100000000000000000e+02 2.555391604326172938e+01
2.110000000000000000e+02 2.562735555234996809e+01
2.120000000000000000e+02 2.544545158198171819e+01
2.130000000000000000e+02 2.608546083885883249e+01
2.140000000000000000e+02 2.639920944318095053e+01
2.150000000000000000e+02 2.595720396877985792e+01
2.160000000000000000e+02 2.584631672466010954e+01
2.170000000000000000e+02 2.717031637034138569e+01
2.180000000000000000e+02 2.732328279488777056e+01
2.190000000000000000e+02 2.665065198320761297e+01
2.200000000000000000e+02 2.756224901322057264e+01
2.210000000000000000e+02 2.692842707039215711e+01
2.220000000000000000e+02 2.699534715687106257e+01
2.230000000000000000e+02 2.695524926424124246e+01
2.240000000000000000e+02 2.634246840161241821e+01
2.250000000000000000e+02 2.723700551127364022e+01
2.260000000000000000e+02 2.704170354395096609e+01
2.270000000000000000e+02 2.770460128958063706e+01
2.280000000000000000e+02 2.792454481798697330e+01
2.290000000000000000e+02 2.712651412204511914e+01
2.300000000000000000e+02 2.760393011073136194e+01
2.310000000000000000e+02 2.699791082253484475e+01
2.320000000000000000e+02 2.671662973642843397e+01
2.330000000000000000e+02 2.690466149840619892e+01
2.340000000000000000e+02 2.726379874976748141e+01
2.350000000000000000e+02 2.746369349163416729e+01
2.360000000000000000e+02 2.762733111049451296e+01
2.370000000000000000e+02 2.777855950231089466e+01
2.380000000000000000e+02 2.762562219049862833e+01
2.390000000000000000e+02 2.932893666913897945e+01
2.400000000000000000e+02 2.808854003435967428e+01
2.410000000000000000e+02 2.933544521082882994e+01
2.420000000000000000e+02 2.924862357184685280e+01
2.430000000000000000e+02 2.959677616520750831e+01
2.440000000000000000e+02 2.962044620749006540e+01
2.450000000000000000e+02 3.067498743363102065e+01
2.460000000000000000e+02 3.059087509052586284e+01
2.470000000000000000e+02 2.949681654106966988e+01
2.480000000000000000e+02 2.998040226632690519e+01
2.490000000000000000e+02 3.145973856561236559e+01
2.500000000000000000e+02 3.147549621826381383e+01
2.510000000000000000e+02 3.108964902003846831e+01
2.520000000000000000e+02 3.090923718542033072e+01
2.530000000000000000e+02 3.109164349717691778e+01
2.540000000000000000e+02 3.064533982262632961e+01
2.550000000000000000e+02 3.186801548524807970e+01
2.560000000000000000e+02 3.086796923799122894e+01
2.570000000000000000e+02 3.094445412301516640e+01
2.580000000000000000e+02 3.098903087203489903e+01
2.590000000000000000e+02 3.078827227463416705e+01
2.600000000000000000e+02 3.191313195641424727e+01
2.610000000000000000e+02 3.224267937101943460e+01
2.620000000000000000e+02 3.175421316054615062e+01
2.630000000000000000e+02 3.203772623943441999e+01
2.640000000000000000e+02 3.177975709875200039e+01
2.650000000000000000e+02 3.224013938887832609e+01
2.660000000000000000e+02 3.317362958067791823e+01
2.670000000000000000e+02 3.306851283529578467e+01
2.680000000000000000e+02 3.335345355192579575e+01
2.690000000000000000e+02 3.344815985039190309e+01
2.700000000000000000e+02 3.361358225254911503e+01
2.710000000000000000e+02 3.308705949546758518e+01
2.720000000000000000e+02 3.345383015787182046e+01
2.730000000000000000e+02 3.273328597510941051e+01
2.740000000000000000e+02 3.317020239611152732e+01
2.750000000000000000e+02 3.237816758657700689e+01
2.760000000000000000e+02 3.224432530303635502e+01
2.770000000000000000e+02 3.320994211936819340e+01
2.780000000000000000e+02 3.370356790134207614e+01
2.790000000000000000e+02 3.375441257791698746e+01
2.800000000000000000e+02 3.340247748951028939e+01
2.810000000000000000e+02 3.458994016301613073e+01
2.820000000000000000e+02 3.438470664149826916e+01
2.830000000000000000e+02 3.522738004099545606e+01
2.840000000000000000e+02 3.466185929645136810e+01
2.850000000000000000e+02 3.499339711401478326e+01
2.860000000000000000e+02 3.470833462564928595e+01
2.870000000000000000e+02 3.512920043440639972e+01
2.880000000000000000e+02 3.503600249158521507e+01
2.890000000000000000e+02 3.533275316533615040e+01
2.900000000000000000e+02 3.602685838743816760e+01
2.910000000000000000e+02 3.626402120688173625e+01
2.920000000000000000e+02 3.654981554216629291e+01
2.930000000000000000e+02 3.695680971123996272e+01
2.940000000000000000e+02 3.689359605852446578e+01
2.950000000000000000e+02 3.728603489412288496e+01
2.960000000000000000e+02 3.711091621716422395e+01
2.970000000000000000e+02 3.688741937516446256e+01
2.980000000000000000e+02 3.686536954341852379e+01
2.990000000000000000e+02 3.749850063027349734e+01
3.000000000000000000e+02 3.874886179262015418e+01
3.010000000000000000e+02 3.801382813639484226e+01
3.020000000000000000e+02 3.855954618699367131e+01
3.030000000000000000e+02 3.743818013272547063e+01
3.040000000000000000e+02 3.748884278153969518e+01
3.050000000000000000e+02 3.775388269408133368e+01
3.060000000000000000e+02 3.657180442229013551e+01
3.070000000000000000e+02 3.615181246011360372e+01
3.080000000000000000e+02 3.772303533509138163e+01
3.090000000000000000e+02 3.739944232131425395e+01
3.100000000000000000e+02 3.778687445869110206e+01
3.110000000000000000e+02 3.754504684454489905e+01
3.120000000000000000e+02 3.814212001031300758e+01
3.130000000000000000e+02 3.818432302995001493e+01
3.140000000000000000e+02 3.850707588933782688e+01
3.150000000000000000e+02 3.863708778329109350e+01
3.160000000000000000e+02 3.946939432659845437e+01
3.170000000000000000e+02 4.020197030262516336e+01
3.180000000000000000e+02 3.957009304758404511e+01
3.190000000000000000e+02 3.970654271176353944e+01
3.200000000000000000e+02 4.069064293993915982e+01
3.210000000000000000e+02 4.056076721979809463e+01
3.220000000000000000e+02 4.127044574387736731e+01
3.230000000000000000e+02 3.966935360105810560e+01
3.240000000000000000e+02 3.949544303354169728e+01
3.250000000000000000e+02 4.006247368698408451e+01
3.260000000000000000e+02 4.114539990106962364e+01
3.270000000000000000e+02 4.027916698950819097e+01
3.280000000000000000e+02 4.019820541654222978e+01
3.290000000000000000e+02 3.980598200302777911e+01
3.300000000000000000e+02 4.036993410532533488e+01
3.310000000000000000e+02 3.980440093856748263e+01
3.320000000000000000e+02 4.055052630619033494e+01
3.330000000000000000e+02 4.057602238759420743e+01
3.340000000000000000e+02 4.007056441514150436e+01
3.350000000000000000e+02 4.010286626567168611e+01
3.360000000000000000e+02 4.025771896950647033e+01
3.370000000000000000e+02 3.983253181511096130e+01
3.380000000000000000e+02 3.971874780333580901e+01
3.390000000000000000e+02 4.019017881350092125e+01
3.400000000000000000e+02 4.085968633724934307e+01
3.410000000000000000e+02 4.140360058154413281e+01
3.420000000000000000e+02 4.233668492844267917e+01
3.430000000000000000e+02 4.215182547633863663e+01
3.440000000000000000e+02 4.085871034317195694e+01
3.450000000000000000e+02 4.053303911427973105e+01
3.460000000000000000e+02 4.108693775189246367e+01
3.470000000000000000e+02 4.033401464197178399e+01
3.480000000000000000e+02 4.000971938387468185e+01
3.490000000000000000e+02 4.083546900748438446e+01
3.500000000000000000e+02 4.049079046057102005e+01
3.510000000000000000e+02 4.049346486866494388e+01
3.520000000000000000e+02 4.146994974490169028e+01
3.530000000000000000e+02 4.054957617548128468e+01
3.540000000000000000e+02 4.111214408812938359e+01
3.550000000000000000e+02 4.234178644679737857e+01
3.560000000000000000e+02 4.175533663127038864e+01
3.570000000000000000e+02 4.324391442717964651e+01
3.580000000000000000e+02 4.364630215790004542e+01
3.590000000000000000e+02 4.478875071148330278e+01
3.600000000000000000e+02 4.524980254271518021e+01
3.610000000000000000e+02 4.510288124941693155e+01
3.620000000000000000e+02 4.668700663744251500e+01
3.630000000000000000e+02 4.616376209977669021e+01
3.640000000000000000e+02 4.511650928751912915e+01
3.650000000000000000e+02 4.508110471719078305e+01
3.660000000000000000e+02 4.548399834555498700e+01
3.670000000000000000e+02 4.530362572330341919e+01
3.680000000000000000e+02 4.557550465856498079e+01
3.690000000000000000e+02 4.468116868253560625e+01
3.700000000000000000e+02 4.438250589346468189e+01
3.710000000000000000e+02 4.450105451912640575e+01
3.720000000000000000e+02 4.525627843062211753e+01
3.730000000000000000e+02 4.557466294926169326e+01
3.740000000000000000e+02 4.449952727247431739e+01
3.750000000000000000e+02 4.542159926848905371e+01
3.760000000000000000e+02 4.562696023900220865e+01
3.770000000000000000e+02 4.600074601889026837e+01
3.780000000000000000e+02 4.675025799691598394e+01
3.790000000000000000e+02 4.745726014827967987e+01
3.800000000000000000e+02 4.755782300027456699e+01
3.810000000000000000e+02 4.826517761692258546e+01
3.820000000000000000e+02 4.803475068423899330e+01
3.830000000000000000e+02 4.871494107320927469e+01
3.840000000000000000e+02 4.923285993671754568e+01
3.850000000000000000e+02 4.839426955465001612e+01
3.860000000000000000e+02 4.905912867317963588e+01
3.870000000000000000e+02 4.769409614670222908e+01
3.880000000000000000e+02 4.845022758334464186e+01
3.890000000000000000e+02 4.863257866083696257e+01
3.900000000000000000e+02 4.868402907741981522e+01
3.910000000000000000e+02 4.817715597792641091e+01
3.920000000000000000e+02 4.799433398000859086e+01
3.930000000000000000e+02 4.733800855647495354e+01
3.940000000000000000e+02 4.780316791862348680e+01
3.950000000000000000e+02 4.775875021265537868e+01
3.960000000000000000e+02 4.786017678128849440e+01
3.970000000000000000e+02 4.848050872096438724e+01
3.980000000000000000e+02 4.836053949338365499e+01
3.990000000000000000e+02 4.879787924825734535e+01
4.000000000000000000e+02 4.859253421743742507e+01
4.010000000000000000e+02 4.888429197350455269e+01
4.020000000000000000e+02 4.906232881440788418e+01
4.030000000000000000e+02 4.922260706229745608e+01
4.040000000000000000e+02 5.085858556466369862e+01
4.050000000000000000e+02 5.108123171965123532e+01
4.060000000000000000e+02 5.134857763309251055e+01
4.070000000000000000e+02 5.058907617061137074e+01
4.080000000000000000e+02 5.204418593744758681e+01
4.090000000000000000e+02 5.234223338498188838e+01
4.100000000000000000e+02 5.347409992846141336e+01
4.110000000000000000e+02 5.300291797348408807e+01
4.120000000000000000e+02 5.371388692492180184e+01
4.130000000000000000e+02 5.349995091693434546e+01
4.140000000000000000e+02 5.296990186648483245e+01
4.150000000000000000e+02 5.277599386252619951e+01
4.160000000000000000e+02 5.453543172527648863e+01
4.170000000000000000e+02 5.525769659306209292e+01
4.180000000000000000e+02 5.486737058655220522e+01
4.190000000000000000e+02 5.495418571663959284e+01
4.200000000000000000e+02 5.555821142265794776e+01
4.210000000000000000e+02 5.556895065169366177e+01
4.220000000000000000e+02 5.565947918736095090e+01
4.230000000000000000e+02 5.524050830772521437e+01
4.240000000000000000e+02 5.703150754673142586e+01
4.250000000000000000e+02 5.710038276573673954e+01
4.260000000000000000e+02 5.646059952505011381e+01
4.270000000000000000e+02 5.700518380561798892e+01
4.280000000000000000e+02 5.744725466138839920e+01
4.290000000000000000e+02 5.801704217976725886e+01
4.300000000000000000e+02 5.779209745219177563e+01
4.310000000000000000e+02 5.886254308603741947e+01
4.320000000000000000e+02 6.008284528397943802e+01
4.330000000000000000e+02 6.073380313250892470e+01
4.340000000000000000e+02 6.113718855014824527e+01
4.350000000000000000e+02 6.127578884228447720e+01
4.360000000000000000e+02 6.077211077935061212e+01
4.370000000000000000e+02 6.029472275076741994e+01
4.380000000000000000e+02 6.114344790188884105e+01
4.390000000000000000e+02 6.169351602963344305e+01
4.400000000000000000e+02 6.324964012318017836e+01
4.410000000000000000e+02 6.324273258912662499e+01
4.420000000000000000e+02 6.345508698223642341e+01
4.430000000000000000e+02 6.305675774956450397e+01
4.440000000000000000e+02 6.419645704090827110e+01
4.450000000000000000e+02 6.406549832428126479e+01
4.460000000000000000e+02 6.376532268150693028e+01
4.470000000000000000e+02 6.500834738883818886e+01
4.480000000000000000e+02 6.587508123067115662e+01
4.490000000000000000e+02 6.579869200337705593e+01
4.500000000000000000e+02 6.684820619962486887e+01
4.510000000000000000e+02 6.742208623814018154e+01
4.520000000000000000e+02 6.685927505738743548e+01
4.530000000000000000e+02 6.817698049210098077e+01
4.540000000000000000e+02 6.829789695373300162e+01
4.550000000000000000e+02 6.964183486143468826e+01
4.560000000000000000e+02 6.963622720643070352e+01
4.570000000000000000e+02 6.931878826796872772e+01
4.580000000000000000e+02 7.117923727032760439e+01
4.590000000000000000e+02 7.273003131712039249e+01
4.600000000000000000e+02 7.266259419479912651e+01
4.610000000000000000e+02 7.378510752035403186e+01
4.620000000000000000e+02 7.481097734094900886e+01
4.630000000000000000e+02 7.681228805993220021e+01
4.640000000000000000e+02 7.681593994373575640e+01
4.650000000000000000e+02 7.712753959846619978e+01
4.660000000000000000e+02 7.887964077998354639e+01
4.670000000000000000e+02 7.886025646499514608e+01
4.680000000000000000e+02 7.875131648812458707e+01
4.690000000000000000e+02 7.794101299244975678e+01
4.700000000000000000e+02 7.831489444522952681e+01
4.710000000000000000e+02 7.925765620556393287e+01
4.720000000000000000e+02 7.955626290124763500e+01
4.730000000000000000e+02 8.010634480883999231e+01
4.740000000000000000e+02 8.161548894167282242e+01
4.750000000000000000e+02 8.071621959848248196e+01
4.760000000000000000e+02 8.219320961048039464e+01
4.770000000000000000e+02 8.267602084097157444e+01
4.780000000000000000e+02 8.076101012727431794e+01
4.790000000000000000e+02 8.180523502581934281e+01
4.800000000000000000e+02 8.355925751146642710e+01
4.810000000000000000e+02 8.314094406240369040e+01
4.820000000000000000e+02 8.444435357865205560e+01
4.830000000000000000e+02 8.426168280980992620e+01
4.840000000000000000e+02 8.465693413292601122e+01
4.850000000000000000e+02 8.541221883782007751e+01
4.860000000000000000e+02 8.689261561932808320e+01
4.870000000000000000e+02 8.694430853376714197e+01
4.880000000000000000e+02 8.663763367263722159e+01
4.890000000000000000e+02 8.793636191388151246e+01
4.900000000000000000e+02 8.827691343611805053e+01
4.910000000000000000e+02 8.855171677159515298e+01
4.920000000000000000e+02 8.907264857150883586e+01
4.930000000000000000e+02 9.103935631111306748e+01
4.940000000000000000e+02 9.166347097373591168e+01
4.950000000000000000e+02 9.194166830360468623e+01
4.960000000000000000e+02 9.272535060408581842e+01
4.970000000000000000e+02 9.242250085277720473e+01
4.980000000000000000e+02 9.247650180505428352e+01
4.990000000000000000e+02 9.309719408803547935e+01
5.000000000000000000e+02 9.374955264739712391e+01
5.010000000000000000e+02 9.323968626529385517e+01
5.020000000000000000e+02 9.319418926859651719e+01
5.030000000000000000e+02 9.533279745752827239e+01
5.040000000000000000e+02 9.665126531188381875e+01
5.050000000000000000e+02 9.758379016525553595e+01
5.060000000000000000e+02 9.922489186241531911e+01
5.070000000000000000e+02 9.862554404861369051e+01
5.080000000000000000e+02 9.921886790893505292e+01
5.090000000000000000e+02 1.007672838241230266e+02
5.100000000000000000e+02 1.015499731360471145e+02
5.110000000000000000e+02 1.020530602597634129e+02
5.120000000000000000e+02 1.008831983073349505e+02
5.130000000000000000e+02 1.006834701835897619e+02
5.140000000000000000e+02 1.018743612361256083e+02
5.150000000000000000e+02 1.023715953919870714e+02
5.160000000000000000e+02 1.028123283598344244e+02
5.170000000000000000e+02 1.032587114407335349e+02
5.180000000000000000e+02 1.017120774745201714e+02
5.190000000000000000e+02 1.020000828100893528e+02
5.200000000000000000e+02 1.021631332495278173e+02
5.210000000000000000e+02 1.024190282313633702e+02
5.220000000000000000e+02 1.030929267611993083e+02
5.230000000000000000e+02 1.020098784806189656e+02
5.240000000000000000e+02 1.052599555067766062e+02
5.250000000000000000e+02 1.060029839800748306e+02
5.260000000000000000e+02 1.069700088305523309e+02
5.270000000000000000e+02 1.061873682397286984e+02
5.280000000000000000e+02 1.072536539297090030e+02
5.290000000000000000e+02 1.079700036533333787e+02
5.300000000000000000e+02 1.078934938872593676e+02
5.310000000000000000e+02 1.071619136216478836e+02
5.320000000000000000e+02 1.076164566127145292e+02
5.330000000000000000e+02 1.094564518013611547e+02
5.340000000000000000e+02 1.106980135427110667e+02
5.350000000000000000e+02 1.098648054429371541e+02
5.360000000000000000e+02 1.108553085048309157e+02
5.370000000000000000e+02 1.109839935728902702e+02
5.380000000000000000e+02 1.108015262495671323e+02
5.390000000000000000e+02 1.112720522441791502e+02
5.400000000000000000e+02 1.122310016494928107e+02
5.410000000000000000e+02 1.140888365801595370e+02
5.420000000000000000e+02 1.134970355764704806e+02
5.430000000000000000e+02 1.157962374725571237e+02
5.440000000000000000e+02 1.156032592766017331e+02
5.450000000000000000e+02 1.149878043009820630e+02
5.460000000000000000e+02 1.163383888064603582e+02
5.470000000000000000e+02 1.153574775372375143e+02
5.480000000000000000e+02 1.165820061166396329e+02
5.490000000000000000e+02 1.173792400395703908e+02
5.500000000000000000e+02 1.177848869577649111e+02
5.510000000000000000e+02 1.185499503816482587e+02
5.520000000000000000e+02 1.174376126077047218e+02
5.530000000000000000e+02 1.177569575692336628e+02
5.540000000000000000e+02 1.177033073077677585e+02
5.550000000000000000e+02 1.194009133954213269e+02
5.560000000000000000e+02 1.193396883436270599e+02
5.570000000000000000e+02 1.203798779754800847e+02
5.580000000000000000e+02 1.203634321526587598e+02
5.590000000000000000e+02 1.204956432163698139e+02
5.600000000000000000e+02 1.199377991127251875e+02
5.610000000000000000e+02 1.215880640358172542e+02
5.620000000000000000e+02 1.223857196219870787e+02
5.630000000000000000e+02 1.211053447060397446e+02
5.640000000000000000e+02 1.225140571102727449e+02
5.650000000000000000e+02 1.232319245654686739e+02
5.660000000000000000e+02 1.255375082838211256e+02
5.670000000000000000e+02 1.275004668534853352e+02
5.680000000000000000e+02 1.279049174571085672e+02
5.690000000000000000e+02 1.271365958595579002e+02
5.700000000000000000e+02 1.290449336209399860e+02
5.710000000000000000e+02 1.292747065662926502e+02
5.720000000000000000e+02 1.307133852812574446e+02
5.730000000000000000e+02 1.309347564968709889e+02
5.740000000000000000e+02 1.313345091634900825e+02
5.750000000000000000e+02 1.302613802056147563e+02
5.760000000000000000e+02 1.314050836583585635e+02
5.770000000000000000e+02 1.325599149269659449e+02
5.780000000000000000e+02 1.319703973322488650e+02
5.790000000000000000e+02 1.327282558658751270e+02
5.800000000000000000e+02 1.325910304008853871e+02
5.810000000000000000e+02 1.342223500443094224e+02
5.820000000000000000e+02 1.341707663487638342e+02
5.830000000000000000e+02 1.337998319630912931e+02
5.840000000000000000e+02 1.312277667309381570e+02
5.850000000000000000e+02 1.326441309128373973e+02
5.860000000000000000e+02 1.338198889190816772e+02
5.870000000000000000e+02 1.351377373332579452e+02
5.880000000000000000e+02 1.362673283016098367e+02
5.890000000000000000e+02 1.382570604343589196e+02
5.900000000000000000e+02 1.395077466208552153e+02
5.910000000000000000e+02 1.398896501233843708e+02
5.920000000000000000e+02 1.422718359725006394e+02
5.930000000000000000e+02 1.427833505814821535e+02
5.940000000000000000e+02 1.438018253857476054e+02
5.950000000000000000e+02 1.427899889562148132e+02
5.960000000000000000e+02 1.455570512097709184e+02
5.970000000000000000e+02 1.462067888213187530e+02
5.980000000000000000e+02 1.468971715069629056e+02
5.990000000000000000e+02 1.457261577965812194e+02
6.000000000000000000e+02 1.450314397551858292e+02
6.010000000000000000e+02 1.453607217444065327e+02
6.020000000000000000e+02 1.461436082808169203e+02
6.030000000000000000e+02 1.466845280592590086e+02
6.040000000000000000e+02 1.472761452831337294e+02
6.050000000000000000e+02 1.479752505005888281e+02
6.060000000000000000e+02 1.479870849811489677e+02
6.070000000000000000e+02 1.471014885622968791e+02
6.080000000000000000e+02 1.480745452610045163e+02
6.090000000000000000e+02 1.481012524195996605e+02
6.100000000000000000e+02 1.496341470908221822e+02
6.110000000000000000e+02 1.527425768829035633e+02
6.120000000000000000e+02 1.519576298774552754e+02
6.130000000000000000e+02 1.535325286780652334e+02
6.140000000000000000e+02 1.543250256939547285e+02
6.150000000000000000e+02 1.533806069924565918e+02
6.160000000000000000e+02 1.549579896382906554e+02
6.170000000000000000e+02 1.537004460385474260e+02
6.180000000000000000e+02 1.548253846192582444e+02
6.190000000000000000e+02 1.560706356914182606e+02
6.200000000000000000e+02 1.560099177010380060e+02
6.210000000000000000e+02 1.578412584966481802e+02
6.220000000000000000e+02 1.575051095016771114e+02
6.230000000000000000e+02 1.583259421919564431e+02
6.240000000000000000e+02 1.610760832725427747e+02
6.250000000000000000e+02 1.595386316424881556e+02
6.260000000000000000e+02 1.597502018117340583e+02
6.270000000000000000e+02 1.572025190328697306e+02
6.280000000000000000e+02 1.594935489280568390e+02
6.290000000000000000e+02 1.618431740693376639e+02
6.300000000000000000e+02 1.613625313652424040e+02
6.310000000000000000e+02 1.633383540172731330e+02
6.320000000000000000e+02 1.633341479833371750e+02
6.330000000000000000e+02 1.649977930050302177e+02
6.340000000000000000e+02 1.644624766138964276e+02
6.350000000000000000e+02 1.659264707600610222e+02
6.360000000000000000e+02 1.686382365344951779e+02
6.370000000000000000e+02 1.667064759081760883e+02
6.380000000000000000e+02 1.691564928646591568e+02
6.390000000000000000e+02 1.710722192285787742e+02
6.400000000000000000e+02 1.708521236517811985e+02
6.410000000000000000e+02 1.697974708125216239e+02
6.420000000000000000e+02 1.690404812631140885e+02
6.430000000000000000e+02 1.698234246189389296e+02
6.440000000000000000e+02 1.706703610737368706e+02
6.450000000000000000e+02 1.736002565387796324e+02
6.460000000000000000e+02 1.767013829106534786e+02
6.470000000000000000e+02 1.754578638375223534e+02
6.480000000000000000e+02 1.764424299214319944e+02
6.490000000000000000e+02 1.790799800545646008e+02
6.500000000000000000e+02 1.780868277404855178e+02
6.510000000000000000e+02 1.774969386119924479e+02
6.520000000000000000e+02 1.809693419149824365e+02
6.530000000000000000e+02 1.819135095332603385e+02
6.540000000000000000e+02 1.814414829635738329e+02
6.550000000000000000e+02 1.848587491597936889e+02
6.560000000000000000e+02 1.842094518991478083e+02
6.570000000000000000e+02 1.846662204448648481e+02
6.580000000000000000e+02 1.860922575880153431e+02
6.590000000000000000e+02 1.873569836648012483e+02
6.600000000000000000e+02 1.887491743081649531e+02
6.610000000000000000e+02 1.869690522482373467e+02
6.620000000000000000e+02 1.896134669309627441e+02
6.630000000000000000e+02 1.889846809993697718e+02
6.640000000000000000e+02 1.905872267334709704e+02
6.650000000000000000e+02 1.913710689847605124e+02
6.660000000000000000e+02 1.920365772591888458e+02
6.670000000000000000e+02 1.919821590110213947e+02
6.680000000000000000e+02 1.933945141151670271e+02
6.690000000000000000e+02 1.914691159355409695e+02
6.700000000000000000e+02 1.938169181269862804e+02
6.710000000000000000e+02 1.935395280729986780e+02
6.720000000000000000e+02 1.969592221400019412e+02
6.730000000000000000e+02 1.975107473474750179e+02
6.740000000000000000e+02 1.998534603197925321e+02
6.750000000000000000e+02 2.003003065231661139e+02
6.760000000000000000e+02 2.011360094144744437e+02
6.770000000000000000e+02 2.007859063768782164e+02
6.780000000000000000e+02 2.020168393884107729e+02
6.790000000000000000e+02 2.040977964216212399e+02
6.800000000000000000e+02 2.031247904951356986e+02
6.810000000000000000e+02 2.062575927879006201e+02
6.820000000000000000e+02 2.057907573734885602e+02
6.830000000000000000e+02 2.062872920472933629e+02
6.840000000000000000e+02 2.053669220684330128e+02
6.850000000000000000e+02 2.067397489805153441e+02
6.860000000000000000e+02 2.082887693136581788e+02
6.870000000000000000e+02 2.092762839839614912e+02
6.880000000000000000e+02 2.114429056015599429e+02
6.890000000000000000e+02 2.121012235004250783e+02
6.900000000000000000e+02 2.142675602616125730e+02
6.910000000000000000e+02 2.141691031998607855e+02
6.920000000000000000e+02 2.160079028305002566e+02
6.930000000000000000e+02 2.165985783762542098e+02
6.940000000000000000e+02 2.185391386757329428e+02
6.950000000000000000e+02 2.181139399086180504e+02
6.960000000000000000e+02 2.197937067123396844e+02
6.970000000000000000e+02 2.200533225651636826e+02
6.980000000000000000e+02 2.216795712408734005e+02
6.990000000000000000e+02 2.252219125450136801e+02
7.000000000000000000e+02 2.269743570265400763e+02
7.010000000000000000e+02 2.305635159947471777e+02
7.020000000000000000e+02 2.311497082454234828e+02
7.030000000000000000e+02 2.290587972477402445e+02
7.040000000000000000e+02 2.305216940818241653e+02
7.050000000000000000e+02 2.325971646107962556e+02
7.060000000000000000e+02 2.304831186140818602e+02
7.070000000000000000e+02 2.332284929374764886e+02
7.080000000000000000e+02 2.344393753238414035e+02
7.090000000000000000e+02 2.358381652057751978e+02
7.100000000000000000e+02 2.370588282285398520e+02
7.110000000000000000e+02 2.369238772082240132e+02
7.120000000000000000e+02 2.381915846823794425e+02
7.130000000000000000e+02 2.377181967878832722e+02
7.140000000000000000e+02 2.407837864170248281e+02
7.150000000000000000e+02 2.410802248397210690e+02
7.160000000000000000e+02 2.429758781252274957e+02
7.170000000000000000e+02 2.427115040986856229e+02
7.180000000000000000e+02 2.430995492532967432e+02
7.190000000000000000e+02 2.431547766449481855e+02
7.200000000000000000e+02 2.441911260274621043e+02
7.210000000000000000e+02 2.445707028077147811e+02
7.220000000000000000e+02 2.449063806874136731e+02
7.230000000000000000e+02 2.431586618213284510e+02
7.240000000000000000e+02 2.455338735173257021e+02
7.250000000000000000e+02 2.456166454453065171e+02
7.260000000000000000e+02 2.483897124036028288e+02
7.270000000000000000e+02 2.478525215520615461e+02
7.280000000000000000e+02 2.499968848426644854e+02
7.290000000000000000e+02 2.518760626765594282e+02
7.300000000000000000e+02 2.523128283716079636e+02
7.310000000000000000e+02 2.527879128440699787e+02
7.320000000000000000e+02 2.547488060918287260e+02
7.330000000000000000e+02 2.580870434058310821e+02
7.340000000000000000e+02 2.573384990703791004e+02
7.350000000000000000e+02 2.584453987429340032e+02
7.360000000000000000e+02 2.598835702958660363e+02
7.370000000000000000e+02 2.616280210823011316e+02
7.380000000000000000e+02 2.625289649974651525e+02
7.390000000000000000e+02 2.617734301516718460e+02
7.400000000000000000e+02 2.642057218827702059e+02
7.410000000000000000e+02 2.667308637241450242e+02
7.420000000000000000e+02 2.672932905520158329e+02
7.430000000000000000e+02 2.703954427591955323e+02
7.440000000000000000e+02 2.698702285224885031e+02
7.450000000000000000e+02 2.706096909101170809e+02
7.460000000000000000e+02 2.727163080591294602e+02
7.470000000000000000e+02 2.718215586106288129e+02
7.480000000000000000e+02 2.698287217702375074e+02
7.490000000000000000e+02 2.726958565368322525e+02
7.500000000000000000e+02 2.706932730074606752e+02
7.510000000000000000e+02 2.741886629053642537e+02
7.520000000000000000e+02 2.747691516200281399e+02
7.530000000000000000e+02 2.773336265958562876e+02
7.540000000000000000e+02 2.791786662937456640e+02
7.550000000000000000e+02 2.776492762527456080e+02
7.560000000000000000e+02 2.795818699338955184e+02
7.570000000000000000e+02 2.810686181835343973e+02
7.580000000000000000e+02 2.821958121579294243e+02
7.590000000000000000e+02 2.853029515711388058e+02
7.600000000000000000e+02 2.860026853551415797e+02
7.610000000000000000e+02 2.884218327992331297e+02
7.620000000000000000e+02 2.877886836650666282e+02
7.630000000000000000e+02 2.899629599137453511e+02
7.640000000000000000e+02 2.936344984249903405e+02
7.650000000000000000e+02 2.934775890795945088e+02
7.660000000000000000e+02 2.950084982827436306e+02
7.670000000000000000e+02 2.975940472642788563e+02
7.680000000000000000e+02 2.973883972311218713e+02
7.690000000000000000e+02 2.973058437960248739e+02
7.700000000000000000e+02 2.992531564171032414e+02
7.710000000000000000e+02 3.016716864309923949e+02
7.720000000000000000e+02 3.026190917396975806e+02
7.730000000000000000e+02 3.042880820625708793e+02
7.740000000000000000e+02 3.016510158518003664e+02
7.750000000000000000e+02 3.041869128740464703e+02
7.760000000000000000e+02 3.046320096220346727e+02
7.770000000000000000e+02 3.047796845611358663e+02
7.780000000000000000e+02 3.057000222517415295e+02
7.790000000000000000e+02 3.066010121132950985e+02
7.800000000000000000e+02 3.066244297941998980e+02
7.810000000000000000e+02 3.036161441370624061e+02
7.820000000000000000e+02 3.088657128206945686e+02
7.830000000000000000e+02 3.079633657046247208e+02
7.840000000000000000e+02 3.058367991061026601e+02
7.850000000000000000e+02 3.036225848083952883e+02
7.860000000000000000e+02 3.053935179646055076e+02
7.870000000000000000e+02 3.060849584663606606e+02
7.880000000000000000e+02 3.089989185657100279e+02
7.890000000000000000e+02 3.116785223791370640e+02
7.900000000000000000e+02 3.129774406971728240e+02
7.910000000000000000e+02 3.151307831735225591e+02
7.920000000000000000e+02 3.159468585309439277e+02
7.930000000000000000e+02 3.174951438869051685e+02
7.940000000000000000e+02 3.180371335489936655e+02
7.950000000000000000e+02 3.216591045565290869e+02
7.960000000000000000e+02 3.230574760394778195e+02
7.970000000000000000e+02 3.264083939962736167e+02
7.980000000000000000e+02 3.261989020815677236e+02
7.990000000000000000e+02 3.251118807346297217e+02
8.000000000000000000e+02 3.219257421127575185e+02
