# tau MSD
0.000000000000000000e+00 0.000000000000000000e+00
1.000000000000000000e+00 1.239622003954570451e+00
2.000000000000000000e+00 1.901767929634806675e+00
3.000000000000000000e+00 2.440518686575358753e+00
4.000000000000000000e+00 3.073087053987923589e+00
5.000000000000000000e+00 3.686376376277148204e+00
6.000000000000000000e+00 4.348209810136904885e+00
7.000000000000000000e+00 4.548200270076974583e+00
8.000000000000000000e+00 4.989723175353482532e+00
9.000000000000000000e+00 5.268738112596848211e+00
1.000000000000000000e+01 5.482759763850326706e+00
1.100000000000000000e+01 5.823658259644236779e+00
1.200000000000000000e+01 5.886998802083790672e+00
1.300000000000000000e+01 6.338853180666884413e+00
1.400000000000000000e+01 6.310312114853529941e+00
1.500000000000000000e+01 6.619298233383245744e+00
1.600000000000000000e+01 6.720223863054576974e+00
1.700000000000000000e+01 7.097216424299841897e+00
1.800000000000000000e+01 6.990080377068742301e+00
1.900000000000000000e+01 7.217378590482399048e+00
2.000000000000000000e+01 7.715368594848566630e+00
2.100000000000000000e+01 7.707312748262602042e+00
2.200000000000000000e+01 8.025661838233745016e+00
2.300000000000000000e+01 7.961353228318317932e+00
2.400000000000000000e+01 8.627773236132142642e+00
2.500000000000000000e+01 8.553311218287477757e+00
2.600000000000000000e+01 8.612071277103899192e+00
2.700000000000000000e+01 9.332162647660213750e+00
2.800000000000000000e+01 9.096125634101280610e+00
2.900000000000000000e+01 9.198500249817431751e+00
3.000000000000000000e+01 9.680161116044422087e+00
3.100000000000000000e+01 9.274145175788941486e+00
3.200000000000000000e+01 9.034645524882245482e+00
3.300000000000000000e+01 9.251323356853072610e+00
3.400000000000000000e+01 9.516492522396200471e+00
3.500000000000000000e+01 9.647706503960980839e+00
3.600000000000000000e+01 9.682004831593133076e+00
3.700000000000000000e+01 9.418631331123970440e+00
3.800000000000000000e+01 9.618454640057562344e+00
3.900000000000000000e+01 1.028782013823833630e+01
4.000000000000000000e+01 1.012799746586419047e+01
4.100000000000000000e+01 1.059440445371137329e+01
4.200000000000000000e+01 1.059037231340360030e+01
4.300000000000000000e+01 1.126397257070388847e+01
4.400000000000000000e+01 1.146539177818697475e+01
4.500000000000000000e+01 1.175455107018002643e+01
4.600000000000000000e+01 1.204076771783510935e+01
4.700000000000000000e+01 1.174229080737936215e+01
4.800000000000000000e+01 1.186723316359298863e+01
4.900000000000000000e+01 1.243425819648388675e+01
5.000000000000000000e+01 1.194815394604396097e+01
5.100000000000000000e+01 1.213099173256462571e+01
5.200000000000000000e+01 1.222792252359452014e+01
5.300000000000000000e+01 1.179536007529098285e+01
5.400000000000000000e+01 1.157835778730996523e+01
5.500000000000000000e+01 1.276136808814882073e+01
5.600000000000000000e+01 1.223772168942779537e+01
5.700000000000000000e+01 1.192769116844035437e+01
5.800000000000000000e+01 1.222951163243572559e+01
5.900000000000000000e+01 1.245249578285852010e+01
6.000000000000000000e+01 1.319744397951585668e+01
6.100000000000000000e+01 1.358386901622592546e+01
6.200000000000000000e+01 1.334351462716555048e+01
6.300000000000000000e+01 1.374963526011584669e+01
6.400000000000000000e+01 1.442842706041803602e+01
6.500000000000000000e+01 1.407146588901572848e+01
6.600000000000000000e+01 1.459123462218666312e+01
6.700000000000000000e+01 1.441715265153082015e+01
6.800000000000000000e+01 1.454121988259973897e+01
6.900000000000000000e+01 1.480572729470045701e+01
7.000000000000000000e+01 1.417621390919428670e+01
7.100000000000000000e+01 1.410649947426530026e+01
7.200000000000000000e+01 1.466848700787948445e+01
7.300000000000000000e+01 1.435728453509248936e+01
7.400000000000000000e+01 1.449550077217992872e+01
7.500000000000000000e+01 1.479538345539911326e+01
7.600000000000000000e+01 1.500468991712455491e+01
7.700000000000000000e+01 1.499265214816238689e+01
7.800000000000000000e+01 1.494963952588806855e+01
7.900000000000000000e+01 1.508558888174852797e+01
8.000000000000000000e+01 1.517323900593470398e+01
8.100000000000000000e+01 1.526472799250017864e+01
8.200000000000000000e+01 1.535875435267468170e+01
8.300000000000000000e+01 1.543078744030450977e+01
8.400000000000000000e+01 1.587074911496642926e+01
8.500000000000000000e+01 1.624159613250134271e+01
8.600000000000000000e+01 1.620801418022766427e+01
8.700000000000000000e+01 1.618566551697457712e+01
8.800000000000000000e+01 1.676199732187207303e+01
8.900000000000000000e+01 1.699474350361649044e+01
9.000000000000000000e+01 1.760734726006025497e+01
9.100000000000000000e+01 1.726678708719927258e+01
9.200000000000000000e+01 1.754311125647965142e+01
9.300000000000000000e+01 1.782267034865930455e+01
9.400000000000000000e+01 1.820132807030995536e+01
9.500000000000000000e+01 1.813347888040995670e+01
9.600000000000000000e+01 1.802239274569727101e+01
9.700000000000000000e+01 1.764539705367464606e+01
9.800000000000000000e+01 1.812446654498003085e+01
9.900000000000000000e+01 1.810557214289278960e+01
1.000000000000000000e+02 1.846789192888099862e+01
1.010000000000000000e+02 1.783297780029824153e+01
1.020000000000000000e+02 1.833008283294870822e+01
1.030000000000000000e+02 1.807408005972879650e+01
1.040000000000000000e+02 1.806060633979655705e+01
1.050000000000000000e+02 1.849431912451781912e+01
1.060000000000000000e+02 1.783202421772438839e+01
1.070000000000000000e+02 1.736036977821951055e+01
1.080000000000000000e+02 1.798725957830865951e+01
1.090000000000000000e+02 1.805078512523445511e+01
1.100000000000000000e+02 1.829889690587506834e+01
1.110000000000000000e+02 1.830083764039611438e+01
1.120000000000000000e+02 1.864207391369528466e+01
1.130000000000000000e+02 1.893294481937847706e+01
1.140000000000000000e+02 1.950871298478397264e+01
1.150000000000000000e+02 1.964920171913670544e+01
1.160000000000000000e+02 1.974555259001223106e+01
1.170000000000000000e+02 2.055674601748540908e+01
1.180000000000000000e+02 2.029050363938265988e+01
1.190000000000000000e+02 2.044353831000975319e+01
1.200000000000000000e+02 2.049573434982727349e+01
1.210000000000000000e+02 2.038486781489604738e+01
1.220000000000000000e+02 2.051810016525580238e+01
1.230000000000000000e+02 1.992163140091399498e+01
1.240000000000000000e+02 2.008840873009944161e+01
1.250000000000000000e+02 2.028104520304307812e+01
1.260000000000000000e+02 2.090803805786007530e+01
1.270000000000000000e+02 2.086428971752080841e+01
1.280000000000000000e+02 2.093010413706005224e+01
1.290000000000000000e+02 2.078243635105857123e+01
1.300000000000000000e+02 2.166272487191600149e+01
1.310000000000000000e+02 2.179259145304849810e+01
1.320000000000000000e+02 2.196679935905600090e+01
1.330000000000000000e+02 2.231772371831337409e+01
1.340000000000000000e+02 2.182751242853224483e+01
1.350000000000000000e+02 2.172698230055270940e+01
1.360000000000000000e+02 2.184965451695084582e+01
1.370000000000000000e+02 2.205498695156967059e+01
1.380000000000000000e+02 2.202854135873873531e+01
1.390000000000000000e+02 2.255575130091261116e+01
1.400000000000000000e+02 2.220447087127060826e+01
1.410000000000000000e+02 2.249115540356052989e+01
1.420000000000000000e+02 2.297114647355977013e+01
1.430000000000000000e+02 2.378618042392992038e+01
1.440000000000000000e+02 2.307430177602373433e+01
1.450000000000000000e+02 2.359421036534259386e+01
1.460000000000000000e+02 2.410310993156750570e+01
1.470000000000000000e+02 2.410836871048503838e+01
1.480000000000000000e+02 2.320600198435908013e+01
1.490000000000000000e+02 2.397756014909332833e+01
1.500000000000000000e+02 2.364937339647653403e+01
1.510000000000000000e+02 2.337397516836546529e+01
1.520000000000000000e+02 2.409379733501633680e+01
1.530000000000000000e+02 2.296095958499609679e+01
1.540000000000000000e+02 2.313990191009486708e+01
1.550000000000000000e+02 2.380772994246481034e+01
1.560000000000000000e+02 2.356264924110725900e+01
1.570000000000000000e+02 2.387382725632859248e+01
1.580000000000000000e+02 2.322792330780642089e+01
1.590000000000000000e+02 2.355797072061465869e+01
1.600000000000000000e+02 2.427133435675851914e+01
1.610000000000000000e+02 2.440466509315281129e+01
1.620000000000000000e+02 2.573776965090351254e+01
1.630000000000000000e+02 2.514981004337832360e+01
1.640000000000000000e+02 2.458078036020744506e+01
1.650000000000000000e+02 2.498227847193210849e+01
1.660000000000000000e+02 2.521874836497955386e+01
1.670000000000000000e+02 2.517050071894276897e+01
1.680000000000000000e+02 2.569092310515887334e+01
1.690000000000000000e+02 2.501162257774221942e+01
1.700000000000000000e+02 2.518892640222244950e+01
1.710000000000000000e+02 2.532550774633607205e+01
1.720000000000000000e+02 2.566631138917884414e+01
1.730000000000000000e+02 2.596113639069525547e+01
1.740000000000000000e+02 2.538819877301723338e+01
1.750000000000000000e+02 2.574390118376971159e+01
1.760000000000000000e+02 2.619278486044596832e+01
1.770000000000000000e+02 2.639522797526889519e+01
1.780000000000000000e+02 2.625648429209833523e+01
1.790000000000000000e+02 2.679702174887540167e+01
1.800000000000000000e+02 2.681698445105218198e+01
1.810000000000000000e+02 2.780338066282728704e+01
1.820000000000000000e+02 2.712127942929185309e+01
1.830000000000000000e+02 2.721076817870043740e+01
1.840000000000000000e+02 2.784933125228000250e+01
1.850000000000000000e+02 2.752396336959692746e+01
1.860000000000000000e+02 2.753054477115874832e+01
1.870000000000000000e+02 2.724617987432356259e+01
1.880000000000000000e+02 2.792396154280829279e+01
1.890000000000000000e+02 2.770664217607897228e+01
1.900000000000000000e+02 2.775824745678123762e+01
1.910000000000000000e+02 2.761354098209413621e+01
1.920000000000000000e+02 2.762386899030560272e+01
1.930000000000000000e+02 2.688611023675153788e+01
1.940000000000000000e+02 2.725111296763231650e+01
1.950000000000000000e+02 2.798098991092089705e+01
1.960000000000000000e+02 2.792231486977733113e+01
1.970000000000000000e+02 2.882526315345244328e+01
1.980000000000000000e+02 2.815123383526146128e+01
1.990000000000000000e+02 2.886175721214884504e+01
2.000000000000000000e+02 2.852331292025465004e+01
2.010000000000000000e+02 2.843644615793336783e+01
2.020000000000000000e+02 2.861742535643544016e+01
2.030000000000000000e+02 2.784685300692207477e+01
2.040000000000000000e+02 2.897032704395613578e+01
2.050000000000000000e+02 2.946732588262760189e+01
2.060000000000000000e+02 2.917541751548652584e+01
2.070000000000000000e+02 2.855773269349795385e+01
2.080000000000000000e+02 2.968653582922560830e+01
2.090000000000000000e+02 2.992277628463644490e+01
2.100000000000000000e+02 3.011061190825432021e+01
2.110000000000000000e+02 2.966875751942770023e+01
2.120000000000000000e+02 3.028534640064237848e+01
2.130000000000000000e+02 3.044705886273488460e+01
2.140000000000000000e+02 3.062556001688339080e+01
2.150000000000000000e+02 3.053793203689700775e+01
2.160000000000000000e+02 3.168640856021621133e+01
2.170000000000000000e+02 3.189437101364067928e+01
2.180000000000000000e+02 3.149170447375535886e+01
2.190000000000000000e+02 3.148353692531523507e+01
2.200000000000000000e+02 3.125932902084078790e+01
2.210000000000000000e+02 3.075808137935443298e+01
2.220000000000000000e+02 3.144799934451373247e+01
2.230000000000000000e+02 3.163383913590585550e+01
2.240000000000000000e+02 3.292214416808022293e+01
2.250000000000000000e+02 3.348653945833596879e+01
2.260000000000000000e+02 3.284897146371891807e+01
2.270000000000000000e+02 3.348791544701185074e+01
2.280000000000000000e+02 3.395857493443558894e+01
2.290000000000000000e+02 3.470524691704840592e+01
2.300000000000000000e+02 3.485549293855160613e+01
2.310000000000000000e+02 3.491502644806190858e+01
2.320000000000000000e+02 3.634221577530193059e+01
2.330000000000000000e+02 3.654625742277418965e+01
2.340000000000000000e+02 3.691811764481779790e+01
2.350000000000000000e+02 3.732226439274448637e+01
2.360000000000000000e+02 3.716040246600707064e+01
2.370000000000000000e+02 3.632512047349381135e+01
2.380000000000000000e+02 3.725237753741895830e+01
2.390000000000000000e+02 3.765376477184578619e+01
2.400000000000000000e+02 3.870738816831686790e+01
2.410000000000000000e+02 3.838229830908482398e+01
2.420000000000000000e+02 3.809013784932307090e+01
2.430000000000000000e+02 3.701902503223961105e+01
2.440000000000000000e+02 3.750688876937203986e+01
2.450000000000000000e+02 3.749561764502359296e+01
2.460000000000000000e+02 3.736029400747390383e+01
2.470000000000000000e+02 3.811459970502608741e+01
2.480000000000000000e+02 3.852221212855879884e+01
2.490000000000000000e+02 3.863039338951934099e+01
2.500000000000000000e+02 3.928439185883483731e+01
2.510000000000000000e+02 4.009530968235837634e+01
2.520000000000000000e+02 3.947461456180738537e+01
2.530000000000000000e+02 4.069170772266418368e+01
2.540000000000000000e+02 4.036657219988681788e+01
2.550000000000000000e+02 4.128772861806600503e+01
2.560000000000000000e+02 4.200641689247927246e+01
2.570000000000000000e+02 4.160574300148029181e+01
2.580000000000000000e+02 4.228726209367194144e+01
2.590000000000000000e+02 4.390715096005360607e+01
2.600000000000000000e+02 4.337792375598444750e+01
2.610000000000000000e+02 4.401431517908490321e+01
2.620000000000000000e+02 4.532881034302685208e+01
2.630000000000000000e+02 4.670005928304708931e+01
2.640000000000000000e+02 4.695849908016896990e+01
2.650000000000000000e+02 4.676326283118268634e+01
2.660000000000000000e+02 4.726988891611233612e+01
2.670000000000000000e+02 4.766674465932648275e+01
2.680000000000000000e+02 4.750165770439159019e+01
2.690000000000000000e+02 4.674440362753691858e+01
2.700000000000000000e+02 4.682221309505130336e+01
2.710000000000000000e+02 4.678918530715588275e+01
2.720000000000000000e+02 4.743874677306729382e+01
2.730000000000000000e+02 4.846416589314301859e+01
2.740000000000000000e+02 4.873039886144221811e+01
2.750000000000000000e+02 4.768229013432195984e+01
2.760000000000000000e+02 4.892821897069075732e+01
2.770000000000000000e+02 4.891854918662541252e+01
2.780000000000000000e+02 4.807628892665334064e+01
2.790000000000000000e+02 4.919095462521211459e+01
2.800000000000000000e+02 5.055823345838940241e+01
2.810000000000000000e+02 5.041601160594963460e+01
2.820000000000000000e+02 5.115732672654663560e+01
2.830000000000000000e+02 5.084702191038216768e+01
2.840000000000000000e+02 5.085829240541750096e+01
2.850000000000000000e+02 5.138110687993415127e+01
2.860000000000000000e+02 5.220694112100381545e+01
2.870000000000000000e+02 5.163770720747266552e+01
2.880000000000000000e+02 5.178634775182137417e+01
2.890000000000000000e+02 5.262386414576632632e+01
2.900000000000000000e+02 5.313761298781300724e+01
2.910000000000000000e+02 5.372935905732569495e+01
2.920000000000000000e+02 5.412047606563614011e+01
2.930000000000000000e+02 5.545431697154180029e+01
2.940000000000000000e+02 5.538262204679397627e+01
2.950000000000000000e+02 5.562025208443869673e+01
2.960000000000000000e+02 5.597596712221066184e+01
2.970000000000000000e+02 5.580178876477660310e+01
2.980000000000000000e+02 5.545228003028066155e+01
2.990000000000000000e+02 5.552675825759608585e+01
3.000000000000000000e+02 5.605233922623073539e+01
3.010000000000000000e+02 5.583185987366472602e+01
3.020000000000000000e+02 5.635387443911816518e+01
3.030000000000000000e+02 5.704852454556152708e+01
3.040000000000000000e+02 5.821824086923720643e+01
3.050000000000000000e+02 5.876568536726566094e+01
3.060000000000000000e+02 5.949216073184796727e+01
3.070000000000000000e+02 5.902364606906709099e+01
3.080000000000000000e+02 5.949168126825170333e+01
3.090000000000000000e+02 6.027433753041844966e+01
3.100000000000000000e+02 6.098168345719070516e+01
3.110000000000000000e+02 6.061892280050450665e+01
3.120000000000000000e+02 6.004568869553664712e+01
3.130000000000000000e+02 5.979595004385513590e+01
3.140000000000000000e+02 6.103308732373256618e+01
3.150000000000000000e+02 6.149840776462328762e+01
3.160000000000000000e+02 6.133523035969624004e+01
3.170000000000000000e+02 6.191511025997159834e+01
3.180000000000000000e+02 6.125833104859782452e+01
3.190000000000000000e+02 6.107881340866709508e+01
3.200000000000000000e+02 6.055722439065628748e+01
3.210000000000000000e+02 6.073912571045435271e+01
3.220000000000000000e+02 6.125522819201074753e+01
3.230000000000000000e+02 6.044228726515589045e+01
3.240000000000000000e+02 6.245672404243102704e+01
3.250000000000000000e+02 6.286166873152931345e+01
3.260000000000000000e+02 6.353888550145537550e+01
3.270000000000000000e+02 6.300178500862770647e+01
3.280000000000000000e+02 6.373208550375605341e+01
3.290000000000000000e+02 6.445895011583451151e+01
3.300000000000000000e+02 6.410975318398132572e+01
3.310000000000000000e+02 6.350433689561106121e+01
3.320000000000000000e+02 6.378399259069766458e+01
3.330000000000000000e+02 6.490560507431274573e+01
3.340000000000000000e+02 6.644395623997904465e+01
3.350000000000000000e+02 6.499979065772200215e+01
3.360000000000000000e+02 6.597297151694175454e+01
3.370000000000000000e+02 6.630456397994255724e+01
3.380000000000000000e+02 6.628343617471550431e+01
3.390000000000000000e+02 6.655206506499928309e+01
3.400000000000000000e+02 6.699638533747344127e+01
3.410000000000000000e+02 6.805326783294160009e+01
3.420000000000000000e+02 6.735334536761574498e+01
3.430000000000000000e+02 6.919593072464235206e+01
3.440000000000000000e+02 6.855014492676932036e+01
3.450000000000000000e+02 6.810949392313509065e+01
3.460000000000000000e+02 6.908199191348332135e+01
3.470000000000000000e+02 6.825389205369624790e+01
3.480000000000000000e+02 6.901758037064702478e+01
3.490000000000000000e+02 6.905410175766010639e+01
3.500000000000000000e+02 6.974663138244066829e+01
3.510000000000000000e+02 6.998293909636061016e+01
3.520000000000000000e+02 6.898776022032652122e+01
3.530000000000000000e+02 6.920868924600009109e+01
3.540000000000000000e+02 6.889861887044247624e+01
3.550000000000000000e+02 7.064365238316885609e+01
3.560000000000000000e+02 7.043445324069868718e+01
3.570000000000000000e+02 7.109690893030733605e+01
3.580000000000000000e+02 7.080850410140455153e+01
3.590000000000000000e+02 7.103803154136458886e+01
3.600000000000000000e+02 7.123240717216629037e+01
3.610000000000000000e+02 7.288118277456892713e+01
3.620000000000000000e+02 7.340384416945246926e+01
3.630000000000000000e+02 7.295384758150859739e+01
3.640000000000000000e+02 7.406027906570263042e+01
3.650000000000000000e+02 7.447502454329102761e+01
3.660000000000000000e+02 7.599869803051879558e+01
3.670000000000000000e+02 7.702824889125538732e+01
3.680000000000000000e+02 7.767484401675531558e+01
3.690000000000000000e+02 7.619101659921453518e+01
3.700000000000000000e+02 7.769327484200616141e+01
3.710000000000000000e+02 7.755020004563843372e+01
3.720000000000000000e+02 7.850959546346167883e+01
3.730000000000000000e+02 7.818241807556240985e+01
3.740000000000000000e+02 7.829868255969262236e+01
3.750000000000000000e+02 7.774876673750547695e+01
3.760000000000000000e+02 7.827199038369309392e+01
3.770000000000000000e+02 7.927553144934302054e+01
3.780000000000000000e+02 7.920241815652485684e+01
3.790000000000000000e+02 7.944441033245638550e+01
3.800000000000000000e+02 7.914449954135862697e+01
3.810000000000000000e+02 8.048996715588707218e+01
3.820000000000000000e+02 8.033601433840097172e+01
3.830000000000000000e+02 8.029405265436614059e+01
3.840000000000000000e+02 7.771320268869366998e+01
3.850000000000000000e+02 7.907802328726045005e+01
3.860000000000000000e+02 7.986697242763796112e+01
3.870000000000000000e+02 8.154029467324360780e+01
3.880000000000000000e+02 8.289158309317915041e+01
3.890000000000000000e+02 8.388043674301243868e+01
3.900000000000000000e+02 8.472580995159987083e+01
3.910000000000000000e+02 8.464245201107010530e+01
3.920000000000000000e+02 8.619068676868272405e+01
3.930000000000000000e+02 8.674359236850133925e+01
3.940000000000000000e+02 8.720800119678828821e+01
3.950000000000000000e+02 8.718023650755748122e+01
3.960000000000000000e+02 8.848196322922956369e+01
3.970000000000000000e+02 8.863585760422562032e+01
3.980000000000000000e+02 8.995821278413569644e+01
3.990000000000000000e+02 9.011918287785553616e+01
4.000000000000000000e+02 8.843213099875788430e+01
4.010000000000000000e+02 8.836732387475920802e+01
4.020000000000000000e+02 8.915080921997912355e+01
4.030000000000000000e+02 8.950021644886638228e+01
4.040000000000000000e+02 8.980172601167234347e+01
4.050000000000000000e+02 9.022848956385067254e+01
4.060000000000000000e+02 9.027577366946786697e+01
4.070000000000000000e+02 8.981620393299793648e+01
4.080000000000000000e+02 8.999517071655732536e+01
4.090000000000000000e+02 9.035288444675556718e+01
4.100000000000000000e+02 9.148609446742567286e+01
4.110000000000000000e+02 9.351892195644751382e+01
4.120000000000000000e+02 9.320765925290317000e+01
4.130000000000000000e+02 9.472096722084768317e+01
4.140000000000000000e+02 9.538459773360415284e+01
4.150000000000000000e+02 9.473868752030058715e+01
4.160000000000000000e+02 9.603934873693107477e+01
4.170000000000000000e+02 9.505656181082329681e+01
4.180000000000000000e+02 9.599494089021648335e+01
4.190000000000000000e+02 9.655530410905495842e+01
4.200000000000000000e+02 9.620312809013267952e+01
4.210000000000000000e+02 9.750445861749871312e+01
4.220000000000000000e+02 9.738516085875556882e+01
4.230000000000000000e+02 9.768614364273399531e+01
4.240000000000000000e+02 1.000662288768918131e+02
4.250000000000000000e+02 9.879417586708675003e+01
4.260000000000000000e+02 9.845421397657568718e+01
4.270000000000000000e+02 9.684805624279758263e+01
4.280000000000000000e+02 9.877951770476308013e+01
4.290000000000000000e+02 1.003878338939349248e+02
4.300000000000000000e+02 9.968433656760412021e+01
4.310000000000000000e+02 1.010864214640210292e+02
4.320000000000000000e+02 1.014547180135665343e+02
4.330000000000000000e+02 1.028525522512666157e+02
4.340000000000000000e+02 1.026260290634474472e+02
4.350000000000000000e+02 1.042785543255908465e+02
4.360000000000000000e+02 1.061292685636492195e+02
4.370000000000000000e+02 1.050550656814237129e+02
4.380000000000000000e+02 1.070698795926668510e+02
4.390000000000000000e+02 1.085788087661935606e+02
4.400000000000000000e+02 1.082328300130675984e+02
4.410000000000000000e+02 1.071082271117299882e+02
4.420000000000000000e+02 1.067215559954164945e+02
4.430000000000000000e+02 1.068366920137740266e+02
4.440000000000000000e+02 1.072933016874020211e+02
4.450000000000000000e+02 1.092131973095686135e+02
4.460000000000000000e+02 1.125514761564208612e+02
4.470000000000000000e+02 1.117811124835287586e+02
4.480000000000000000e+02 1.122321308357588663e+02
4.490000000000000000e+02 1.144743137892378115e+02
4.500000000000000000e+02 1.134912537334396916e+02
4.510000000000000000e+02 1.129616010959877599e+02
4.520000000000000000e+02 1.158325056443295011e+02
4.530000000000000000e+02 1.163560269433136369e+02
4.540000000000000000e+02 1.160216349614636044e+02
4.550000000000000000e+02 1.179077229416125334e+02
4.560000000000000000e+02 1.175589134019152908e+02
4.570000000000000000e+02 1.185164907429574441e+02
4.580000000000000000e+02 1.195625156341059494e+02
4.590000000000000000e+02 1.208482971842812788e+02
4.600000000000000000e+02 1.216318605996426641e+02
4.610000000000000000e+02 1.209954320266844690e+02
4.620000000000000000e+02 1.221547322548012176e+02
4.630000000000000000e+02 1.218815752451944689e+02
4.640000000000000000e+02 1.236620546950151862e+02
4.650000000000000000e+02 1.241954127976841136e+02
4.660000000000000000e+02 1.247494936874659857e+02
4.670000000000000000e+02 1.250250377294152884e+02
4.680000000000000000e+02 1.258203702369062569e+02
4.690000000000000000e+02 1.247351644713681935e+02
4.700000000000000000e+02 1.269320821685071650e+02
4.710000000000000000e+02 1.264200553801823048e+02
4.720000000000000000e+02 1.285480578482702185e+02
4.730000000000000000e+02 1.290980520815202226e+02
4.740000000000000000e+02 1.300863124903936807e+02
4.750000000000000000e+02 1.300032064022080078e+02
4.760000000000000000e+02 1.308377757216147472e+02
4.770000000000000000e+02 1.306385653580742598e+02
4.780000000000000000e+02 1.313456946464351631e+02
4.790000000000000000e+02 1.332151421835598057e+02
4.800000000000000000e+02 1.326194287854928291e+02
4.810000000000000000e+02 1.343016717200955554e+02
4.820000000000000000e+02 1.348192767166788713e+02
4.830000000000000000e+02 1.353506195704050583e+02
4.840000000000000000e+02 1.345413939616091170e+02
4.850000000000000000e+02 1.353259531451563475e+02
4.860000000000000000e+02 1.363080556328615103e+02
4.870000000000000000e+02 1.372493873568387244e+02
4.880000000000000000e+02 1.392645046360511287e+02
4.890000000000000000e+02 1.396792982564718386e+02
4.900000000000000000e+02 1.410242184395184495e+02
4.910000000000000000e+02 1.408227718106079465e+02
4.920000000000000000e+02 1.418508814080884122e+02
4.930000000000000000e+02 1.428216849245104925e+02
4.940000000000000000e+02 1.441863883790117882e+02
4.950000000000000000e+02 1.439853808062921132e+02
4.960000000000000000e+02 1.455047600673430566e+02
4.970000000000000000e+02 1.463127966100103379e+02
4.980000000000000000e+02 1.473110647194160947e+02
4.990000000000000000e+02 1.498222087076838989e+02
5.000000000000000000e+02 1.517345758647627747e+02
5.010000000000000000e+02 1.550597854863313501e+02
5.020000000000000000e+02 1.552178212211071013e+02
5.030000000000000000e+02 1.537023005843640533e+02
5.040000000000000000e+02 1.547518850886485495e+02
5.050000000000000000e+02 1.565215405097426355e+02
5.060000000000000000e+02 1.548257956960646595e+02
5.070000000000000000e+02 1.570507787195093385e+02
5.080000000000000000e+02 1.578727434108376997e+02
5.090000000000000000e+02 1.585420815144900075e+02
5.100000000000000000e+02 1.601659947965391098e+02
5.110000000000000000e+02 1.597820853451331686e+02
5.120000000000000000e+02 1.605245774526886180e+02
5.130000000000000000e+02 1.606305024776094683e+02
5.140000000000000000e+02 1.630203141426084130e+02
5.150000000000000000e+02 1.626984762164692313e+02
5.160000000000000000e+02 1.645495061894829973e+02
5.170000000000000000e+02 1.647914912189264669e+02
5.180000000000000000e+02 1.650393848583650822e+02
5.190000000000000000e+02 1.649920966570227279e+02
5.200000000000000000e+02 1.658838607773863885e+02
5.210000000000000000e+02 1.659398664703255122e+02
5.220000000000000000e+02 1.665805535798917276e+02
5.230000000000000000e+02 1.655582981267781690e+02
5.240000000000000000e+02 1.672087644593387949e+02
5.250000000000000000e+02 1.678434684954249292e+02
5.260000000000000000e+02 1.693010056792423654e+02
5.270000000000000000e+02 1.684830379554285003e+02
5.280000000000000000e+02 1.699683297038799878e+02
5.290000000000000000e+02 1.710786625600730133e+02
5.300000000000000000e+02 1.708356800306108880e+02
5.310000000000000000e+02 1.710969169545395800e+02
5.320000000000000000e+02 1.733145872405951593e+02
5.330000000000000000e+02 1.757149034152068623e+02
5.340000000000000000e+02 1.748835110211153108e+02
5.350000000000000000e+02 1.759719692849176909e+02
5.360000000000000000e+02 1.772289679236858717e+02
5.370000000000000000e+02 1.786624699714709266e+02
5.380000000000000000e+02 1.800666752387919587e+02
5.390000000000000000e+02 1.795815839748426299e+02
5.400000000000000000e+02 1.816325088120071882e+02
5.410000000000000000e+02 1.842750149115743170e+02
5.420000000000000000e+02 1.847311137374550185e+02
5.430000000000000000e+02 1.868152628863022642e+02
5.440000000000000000e+02 1.868645184966167960e+02
5.450000000000000000e+02 1.873996512668404648e+02
5.460000000000000000e+02 1.888592074027926628e+02
5.470000000000000000e+02 1.883928275185097618e+02
5.480000000000000000e+02 1.866849132661173769e+02
5.490000000000000000e+02 1.890478174861031277e+02
5.500000000000000000e+02 1.871551122936597267e+02
5.510000000000000000e+02 1.890985864865268979e+02
5.520000000000000000e+02 1.895175214525199578e+02
5.530000000000000000e+02 1.917973637177267108e+02
5.540000000000000000e+02 1.937554811012954019e+02
5.550000000000000000e+02 1.928650543775378026e+02
5.560000000000000000e+02 1.935179361168355001e+02
5.570000000000000000e+02 1.942143320544462313e+02
5.580000000000000000e+02 1.956359276267377822e+02
5.590000000000000000e+02 1.982483680092907150e+02
5.600000000000000000e+02 1.989157212852713599e+02
5.610000000000000000e+02 2.014361167802652233e+02
5.620000000000000000e+02 2.006703046939810235e+02
5.630000000000000000e+02 2.020988495834888852e+02
5.640000000000000000e+02 2.049677354854949556e+02
5.650000000000000000e+02 2.047235475780935872e+02
5.660000000000000000e+02 2.066980468446869281e+02
5.670000000000000000e+02 2.086256263916873479e+02
5.680000000000000000e+02 2.082624226648586045e+02
5.690000000000000000e+02 2.083677251113925593e+02
5.700000000000000000e+02 2.100458206130463452e+02
5.710000000000000000e+02 2.115641027761632813e+02
5.720000000000000000e+02 2.120716823802225406e+02
5.730000000000000000e+02 2.137167813619360004e+02
5.740000000000000000e+02 2.113620009938904900e+02
5.750000000000000000e+02 2.134533673788087924e+02
5.760000000000000000e+02 2.134509405132198765e+02
5.770000000000000000e+02 2.140670331427634494e+02
5.780000000000000000e+02 2.146379502779341806e+02
5.790000000000000000e+02 2.153852734539713651e+02
5.800000000000000000e+02 2.147691648206763944e+02
5.810000000000000000e+02 2.123942310386944996e+02
5.820000000000000000e+02 2.163730855720188799e+02
5.830000000000000000e+02 2.165583230754094188e+02
5.840000000000000000e+02 2.142434768065887454e+02
5.850000000000000000e+02 2.126892471884424367e+02
5.860000000000000000e+02 2.141578692762609819e+02
5.870000000000000000e+02 2.150743381861838373e+02
5.880000000000000000e+02 2.177394955917677919e+02
5.890000000000000000e+02 2.207136743558035619e+02
5.900000000000000000e+02 2.215687094338129270e+02
5.910000000000000000e+02 2.229630615191998970e+02
5.920000000000000000e+02 2.234358143203299392e+02
5.930000000000000000e+02 2.246636065322293234e+02
5.940000000000000000e+02 2.248173088902244672e+02
5.950000000000000000e+02 2.279614698028497060e+02
5.960000000000000000e+02 2.287176704635126043e+02
5.970000000000000000e+02 2.321078907561075368e+02
5.980000000000000000e+02 2.317318765230630504e+02
5.990000000000000000e+02 2.307905826283109434e+02
6.000000000000000000e+02 2.276102104315225745e+02
