# Fix print output for fix mythermofile
2000000 12.3387369082742
2005000 11.3815813409955
2010000 10.884895741497
2015000 11.1220123790676
2020000 10.9690861725065
2025000 11.2589885146446
2030000 11.3263494477849
2035000 11.0377426748381
2040000 11.0363963184163
2045000 10.9293158986177
2050000 10.1101983010312
2055000 9.7867352844795
2060000 9.89906970159235
2065000 10.1108625612255
2070000 9.93625131052639
2075000 10.3194366395298
2080000 10.5531832201606
2085000 10.0291339508044
2090000 9.48924548695033
2095000 9.15680663482184
2100000 8.38699850039928
2105000 8.03243707504756
2110000 7.56182001604888
2115000 7.90753922906988
2120000 7.25103011448167
2125000 7.24361866222462
2130000 7.54647039403554
2135000 7.70429086300283
2140000 7.2006108914223
2145000 6.66034449892469
2150000 6.52596968554615
2155000 6.14834690402702
2160000 5.83273037373227
2165000 5.4891730204985
2170000 5.2745378046765
2175000 5.40033428404647
2180000 5.02230643758975
2185000 5.08997492379422
2190000 4.96538299337612
2195000 4.85688741453166
2200000 4.72497764279237
2205000 4.43208235673087
2210000 4.54436722887427
2215000 5.08406003017989
2220000 5.66447236968999
2225000 5.15772168592255
2230000 5.28267729198702
2235000 5.54623965365187
2240000 5.39809750878431
2245000 5.41805413619842
2250000 5.29243603471981
2255000 5.74223451165596
2260000 5.90495671644774
2265000 5.88089504768909
2270000 5.88639026979454
2275000 6.29616462621641
2280000 5.96081096746228
2285000 5.7598857859852
2290000 5.14251661473697
2295000 4.91765906327428
2300000 4.83037342444793
2305000 4.56350745785237
2310000 4.0622398634706
2315000 4.10143149067947
2320000 4.31268197354733
2325000 4.50162897226286
2330000 4.40642780090073
2335000 4.4725330338641
2340000 4.69796811838765
2345000 4.48326124738462
2350000 4.64900616691915
2355000 5.08028849035207
2360000 5.47178799459784
2365000 5.05183769016879
2370000 4.98586119582649
2375000 4.91105314237053
2380000 5.06710305873578
2385000 5.75192443897247
2390000 6.05632050757351
2395000 6.19397925250726
2400000 5.69725124525074
2405000 5.30621788897109
2410000 4.91403313092438
2415000 4.75764640197235
2420000 5.12559472368806
2425000 5.20067492931748
2430000 5.56239606583824
2435000 6.01953993447434
2440000 6.43458656036875
2445000 6.22012518989319
2450000 5.17650589008135
2455000 5.01701490095243
2460000 5.09915366009119
2465000 5.27832207718997
2470000 5.8814343859183
2475000 6.54052355375036
2480000 6.37926117814429
2485000 6.36156534276936
2490000 6.18345481277205
2495000 6.21779232933446
2500000 6.11713722550046
2505000 6.65991757722329
2510000 6.96671191043196
2515000 6.56360210280941
2520000 6.40171418075891
2525000 6.18972521012027
2530000 5.23997090186788
2535000 5.3871375799626
2540000 5.82635207639222
2545000 5.66663759467333
2550000 5.77850422401451
2555000 5.98506138465576
2560000 5.97567662300306
2565000 6.08861924580699
2570000 5.99129937624326
2575000 5.56842449323296
2580000 5.95569097811155
2585000 6.0908609866972
2590000 6.34741861905123
2595000 6.38577258850481
2600000 6.27293733561999
2605000 6.72583602222451
2610000 6.88148635737819
2615000 6.80475482134141
2620000 6.50644436189646
2625000 6.38954392497054
2630000 6.3109383500949
2635000 5.54568936487653
2640000 5.68343276689337
2645000 5.56705434210842
2650000 5.96873933466799
2655000 6.23513963379685
2660000 6.54611933639403
2665000 6.8750153537907
2670000 6.34836547849937
2675000 5.89086795956952
2680000 6.00194417384827
2685000 5.86255439067756
2690000 5.22578232140174
2695000 5.16414892340441
2700000 5.41163755340576
2705000 5.70424402111923
2710000 5.16921321629259
2715000 5.07437098436543
2720000 5.29587075896554
2725000 5.06712357551786
2730000 5.19432868646829
2735000 5.10401659781821
2740000 5.14606290694231
2745000 5.57465548159084
2750000 5.68879239973647
2755000 5.80037551891159
2760000 5.74716637654557
2765000 6.30785079610376
2770000 6.48892753760224
2775000 5.90245847895575
2780000 5.51371583867846
2785000 5.31697815878291
2790000 5.03016639181882
2795000 5.31529770392959
2800000 5.2725310806216
2805000 5.4237150345254
2810000 5.33125263753589
2815000 5.44207234865947
2820000 5.38297436509126
2825000 5.09293508885102
2830000 5.47793618820553
2835000 5.39641726906376
2840000 5.41204540120274
2845000 5.32381075242372
2850000 5.25113969964423
2855000 5.18617742273342
2860000 5.39693089667169
2865000 5.51046964847115
2870000 5.51978412741845
2875000 5.91074328680667
2880000 6.03449561461977
2885000 5.90257135224639
2890000 5.72793189091046
2895000 6.53410842830015
2900000 6.45214191820756
2905000 7.21908345383061
2910000 7.37986354538377
2915000 7.44808101516681
2920000 7.10688324858748
2925000 6.8719419911712
2930000 6.94958200664419
2935000 6.7738828080016
2940000 6.76769580503999
2945000 7.03482602577056
2950000 6.75312456812657
2955000 6.60461859584279
2960000 6.62640810680853
2965000 6.83051037468846
2970000 6.44554201563475
2975000 6.6777743937103
2980000 6.60259339242572
2985000 6.9333433364208
2990000 7.3841206212928
2995000 7.10093785664111
3000000 7.30905089169873
3005000 7.86149990168974
3010000 7.6183500501726
3015000 7.82848912525878
3020000 8.29997847908781
3025000 8.08569583445057
3030000 8.04670245332004
3035000 7.59951347828148
3040000 7.08345042567917
3045000 7.37517390511323
3050000 7.03473570410508
3055000 7.90451669243394
3060000 7.66462942137269
3065000 7.68331862018441
3070000 7.45379154277284
3075000 7.61005620962602
3080000 7.63737745278722
3085000 7.7424410317944
3090000 8.1271361095437
3095000 7.73656214375643
3100000 7.49777408194472
3105000 8.10914999073916
3110000 7.92867107728003
3115000 7.75474858451436
3120000 6.90290092048881
3125000 6.46679164699142
3130000 6.64309786246611
3135000 6.61392337208916
3140000 6.16601982353997
3145000 5.85315590994261
3150000 6.01361286111459
3155000 6.00749362008395
3160000 5.97669522817873
3165000 5.4270504012255
3170000 5.27610273608255
3175000 5.93565598096283
3180000 5.95165542726889
3185000 6.49176135096394
3190000 6.52203375596904
3195000 6.63871948547071
3200000 6.67603722332719
3205000 6.68877416486518
3210000 6.73480831487998
3215000 6.3871097666061
3220000 6.31036364893855
3225000 6.64517792473124
3230000 7.12970526170667
3235000 7.12211712065149
3240000 7.30626153299665
3245000 7.32859679862548
3250000 7.27212514825615
3255000 7.19568265822263
3260000 7.10311031367672
3265000 7.10901166866137
3270000 6.46926554019777
3275000 6.21099756611276
3280000 5.90959096101574
3285000 5.21311433979044
3290000 5.28535311444692
3295000 4.84270088716268
3300000 4.66673293096088
3305000 4.36455262196795
3310000 4.74764462441184
3315000 4.91728767434281
3320000 4.7710660350889
3325000 4.40688577582909
3330000 4.27571020714889
3335000 4.02136989016301
3340000 4.10959498070905
3345000 4.22921801701095
3350000 4.33534160715612
3355000 4.44265008204124
3360000 4.02177214681577
3365000 4.29703796068685
3370000 3.98810143427986
3375000 4.27580164507607
3380000 4.44041739072508
3385000 5.07090812608095
3390000 5.10523942343806
3395000 5.1038094597162
3400000 5.03504450985466
3405000 4.74417441425513
3410000 4.43486375735358
3415000 4.50669135053654
3420000 4.35852250532289
3425000 4.46837139036651
3430000 4.51403782380811
3435000 4.75787541412636
3440000 4.42554719665905
3445000 4.70251811109414
3450000 4.60711923662933
3455000 4.69077585252684
3460000 4.83110996753222
3465000 4.65162124685163
3470000 4.3556018665627
3475000 4.04511624332819
3480000 4.22512068267485
3485000 4.27277393619519
3490000 4.48816587801678
3495000 4.94483929625702
3500000 4.73519628814529
3505000 4.84241534215721
3510000 4.83477886572287
3515000 4.56665746088634
3520000 4.66338719280524
3525000 4.68477286024638
3530000 4.9348449475419
3535000 5.25536388748627
3540000 5.74609967191821
3545000 5.30824199362526
3550000 5.36037775116954
3555000 5.03580002264295
3560000 4.52441084295063
3565000 4.36003895766763
3570000 4.61703467078638
3575000 4.49400385706645
3580000 4.76803969735719
3585000 4.82574113694606
3590000 4.87370113611965
3595000 4.7108890132768
3600000 4.90563828804987
3605000 5.11641551255656
3610000 5.39072459420291
3615000 5.51604931963019
3620000 5.62416151838096
3625000 5.29559316600136
3630000 5.41072549437556
3635000 5.5000218495747
3640000 4.68279683440538
3645000 4.81307048187031
3650000 5.82167961541418
3655000 5.97857219393946
3660000 5.26132063438686
3665000 5.21713492391412
3670000 5.04573271943634
3675000 4.68633342646002
3680000 4.7185008834944
3685000 4.85828237552251
3690000 4.91899929425532
3695000 5.06927064681889
3700000 4.52595146079298
3705000 4.86452971149691
3710000 4.37436561176378
3715000 4.16396571821737
3720000 3.83943877196879
3725000 4.16323670700318
3730000 4.12249839591791
3735000 4.51252843719937
3740000 4.53352449332773
3745000 4.98993902121824
3750000 5.0732565652453
3755000 4.69282250756256
3760000 4.90503611952579
3765000 4.49225324236001
3770000 4.89791056895064
3775000 4.88140499392263
3780000 4.60298600970135
3785000 4.62615154018558
3790000 4.5814761560222
3795000 4.54631397427827
3800000 4.81833792828732
3805000 5.11035052854083
3810000 4.58434831355517
3815000 4.39987275770127
3820000 4.79546340164276
3825000 4.71152810441975
3830000 4.93786870874381
3835000 4.88444077374717
3840000 4.81313338506876
3845000 4.55613449583428
3850000 4.22011103840127
3855000 4.40247649029634
3860000 4.53419025619875
3865000 4.49355115538876
3870000 4.39829208162027
3875000 4.60892656025501
3880000 4.36370073497386
3885000 4.08825669089074
3890000 4.22689743853308
3895000 4.681188707135
3900000 4.81289944831773
3905000 5.10011665296696
3910000 5.71325620533737
3915000 5.94840632785122
3920000 5.56522892139786
3925000 5.30015032402642
3930000 5.08504968416074
3935000 5.72600901965849
3940000 5.20649205581814
3945000 5.13553663631476
3950000 4.925405729628
3955000 5.37039086357938
3960000 5.69241718161947
3965000 5.25698876337195
3970000 5.12855966832726
3975000 5.74759980952911
3980000 6.24037026478798
3985000 6.09113964131966
3990000 5.79788573877708
3995000 6.03382391592905
4000000 5.96646277910058
