# Fix print output for fix mythermofile
2000000 12.3387369082742
2005000 11.1612946557034
2010000 8.33314872900753
2015000 5.66979976246753
2020000 4.98494953290394
2025000 5.32714353656713
2030000 5.62721629172254
2035000 6.1743885618361
2040000 6.74939190896267
2045000 6.48468275994254
2050000 6.03752241885593
2055000 5.54845444798759
2060000 4.65290676506473
2065000 4.14994496181522
2070000 4.37196565015084
2075000 4.23538051124061
2080000 4.22204673493035
2085000 4.36490885621678
2090000 4.63091327094457
2095000 5.23923474908085
2100000 5.45225175703302
2105000 5.14618764150559
2110000 5.38292127740257
2115000 5.31867547419443
2120000 5.31204581252806
2125000 5.58920317631106
2130000 6.22315724325263
2135000 5.57700295224385
2140000 4.41073180603748
2145000 4.42345212881104
2150000 4.56771863775732
2155000 5.63962241456683
2160000 5.5943653580884
2165000 5.03341678496208
2170000 5.40764453196213
2175000 5.55358594307606
2180000 5.12040205173643
2185000 4.87995004401894
2190000 5.44126632730942
2195000 5.6050860736345
2200000 5.43276705746057
2205000 4.63729397745937
2210000 4.8577609560387
2215000 5.61437905912756
2220000 5.98206234391694
2225000 6.22726330224431
2230000 6.21089824523471
2235000 5.811813343212
2240000 5.4754302943097
2245000 5.46908511744703
2250000 5.11040806097102
2255000 4.38452444776451
2260000 4.24104004808783
2265000 4.85071308597604
2270000 5.60538559114466
2275000 5.95325967720616
2280000 6.14217895293731
2285000 6.43745117118116
2290000 6.72394134571647
2295000 6.75428368894202
2300000 6.76910714402141
2305000 6.45856517299179
2310000 6.45659246556959
2315000 5.96933865819366
2320000 5.33613942890945
2325000 5.17372246268013
2330000 5.11496938767194
2335000 5.13759356896966
2340000 5.86933817614135
2345000 6.76379573062209
2350000 7.41592397401504
2355000 7.51169269784044
2360000 6.83641346549167
2365000 6.24568888917284
2370000 5.34005526172812
2375000 4.90064008815263
2380000 4.86319836205919
2385000 4.43611109686063
2390000 4.5972076356886
2395000 4.77283706360502
2400000 5.16923623308741
2405000 5.86074491218068
2410000 5.58275811937807
2415000 5.00832139174282
2420000 4.53176969993235
2425000 4.16670975945725
2430000 4.43799740037509
2435000 4.83989818617806
2440000 5.46378142229574
2445000 6.58378162548612
2450000 7.53788416682
2455000 7.69416595064284
2460000 7.70770141989366
2465000 7.22530586424732
2470000 6.12129706742206
2475000 4.62806550525652
2480000 3.90157090137464
2485000 3.88323638747218
2490000 4.63395714020844
2495000 5.63214293856094
2500000 6.22401798376465
2505000 5.95100585823877
2510000 6.52574155769915
2515000 6.39016728502316
2520000 6.21691431770205
2525000 5.62723799328141
2530000 5.27198943855528
2535000 5.72471869352571
2540000 5.55128484776482
2545000 4.76681627608369
2550000 4.33609338229452
2555000 4.22340952356568
2560000 3.59967786658672
2565000 4.03002401182133
2570000 5.02768425027303
2575000 5.49329494449796
2580000 5.15678350135471
2585000 5.41501581852055
2590000 5.7380866206054
2595000 6.24776218684534
2600000 5.99847482363306
2605000 5.78223148607697
2610000 4.99641285195799
2615000 4.91387173234289
2620000 5.3005765673587
2625000 6.12086560312561
2630000 6.90437747126179
2635000 6.8857276933317
2640000 6.92002012650148
2645000 7.03436499674423
2650000 6.61058877097639
2655000 6.61666495758082
2660000 6.42932944262338
2665000 5.6854759919631
2670000 4.86222507355702
2675000 4.62888908698124
2680000 4.03107665075432
2685000 4.24453454644174
2690000 5.25722526664885
2695000 5.9113252897303
2700000 6.5669151482452
2705000 6.52278360986889
2710000 6.00847832596291
2715000 5.60522690467328
2720000 5.12693505512036
2725000 5.41490974070496
2730000 5.50863082768552
2735000 6.04063120200684
2740000 5.94108424711725
2745000 6.50274440811349
2750000 7.44728265829703
2755000 7.74884637498034
2760000 7.27041339639449
2765000 6.70574125945532
2770000 6.29664181714924
2775000 6.28511280182034
2780000 6.08048233166193
2785000 5.87332023472622
2790000 5.66841300143465
2795000 5.64775789872542
2800000 5.39937427498107
2805000 5.11066659141254
2810000 4.89821860825855
2815000 4.48539889223003
2820000 4.48245292513154
2825000 4.63947591774348
2830000 4.97001080064678
2835000 4.37634964641896
2840000 3.94144765454277
2845000 4.45079254024067
2850000 5.7648967634544
2855000 6.15181294167635
2860000 6.23474261230837
2865000 6.11255657690821
2870000 5.73081070812217
2875000 5.40545809121844
2880000 5.14908094450588
2885000 4.78396908960107
2890000 3.97591797114181
2895000 3.17346064693677
2900000 3.34812433327901
2905000 3.87567137079884
2910000 4.57723175601875
2915000 4.63163035954388
2920000 4.10485697328261
2925000 4.35948618264967
2930000 4.41860631317712
2935000 4.51825151490426
2940000 4.74881478957078
2945000 4.80815515065225
2950000 5.30237194496079
2955000 6.0684605225107
2960000 6.35006448762837
2965000 5.69052469731045
2970000 4.89257846774707
2975000 4.50070382047014
2980000 4.00538395529475
2985000 4.40301421380096
2990000 5.20774470147219
2995000 4.79435876231581
3000000 4.11877121685799
3005000 4.28688440441824
3010000 5.74867980164126
3015000 5.64483346289558
3020000 5.50709765718733
3025000 5.12980915754878
3030000 5.5074434747276
3035000 5.50611653577864
3040000 5.7081248529305
3045000 5.62208330923514
3050000 5.17923300809647
3055000 5.07627620919249
3060000 4.34220054767036
3065000 4.06006242765849
3070000 4.80720210352845
3075000 5.30260023116143
3080000 5.18650596380322
3085000 4.86060174459339
3090000 4.55731323726077
3095000 5.01926207155652
3100000 6.24938253153546
3105000 7.10204468806564
3110000 7.51617621249417
3115000 7.24757479966693
3120000 6.75249634327189
3125000 5.76022395984783
3130000 4.65588610229372
3135000 4.64007729956732
3140000 3.96988419267158
3145000 4.00173354271451
3150000 4.88058623587331
3155000 4.70914752951619
3160000 4.14768557632488
3165000 3.74506986607863
3170000 4.55184960284643
3175000 5.35295288644054
3180000 5.42948864018173
3185000 5.45262075341622
3190000 5.24277739710169
3195000 5.12419570829759
3200000 5.12381311676912
3205000 4.72343705540184
3210000 4.12773998847275
3215000 4.20146203188237
3220000 5.09502604995638
3225000 5.55317316922071
3230000 5.67557947711027
3235000 5.77450222496691
3240000 6.32181673250237
3245000 6.17320956791879
3250000 5.81358575342571
3255000 5.61655744733132
3260000 5.37063300410535
3265000 4.91620817927038
3270000 4.66631881475406
3275000 3.97014282605964
3280000 5.19655470610348
3285000 5.26605474032729
3290000 5.41386333301273
3295000 5.7806570173195
3300000 6.18509193482462
3305000 6.11619487998772
3310000 5.74873046897651
3315000 5.37928510092055
3320000 5.35004838808603
3325000 5.00841894361842
3330000 5.07234598286292
3335000 4.84568780456751
3340000 4.73739234996561
3345000 4.23922373208396
3350000 4.34587908784446
3355000 4.10496399512797
3360000 4.54105218060819
3365000 4.26387820403881
3370000 4.67125379003301
3375000 5.44969971244541
3380000 6.18209400898757
3385000 6.14019962999045
3390000 5.60797199818795
3395000 5.51268436415983
3400000 5.27895873641237
3405000 5.0821140054553
3410000 4.72358458194837
3415000 4.46070004097838
3420000 4.78419980716043
3425000 3.84558705294427
3430000 3.55515736481503
3435000 4.31531572090272
3440000 4.84853026664535
3445000 6.15966355885276
3450000 7.56899720447874
3455000 7.54194326042352
3460000 6.99489424207931
3465000 6.31014098172753
3470000 5.72845462366218
3475000 4.91017156575756
3480000 4.75722419582554
3485000 4.86105941467291
3490000 4.68064908359962
3495000 4.06884382945992
3500000 4.29795690553822
3505000 4.95757251437934
3510000 5.40043724469158
3515000 5.71553330957295
3520000 5.47663556758176
3525000 5.10791332908471
3530000 4.61001130620349
3535000 4.13399323782311
3540000 3.64014088024343
3545000 3.5249557316299
3550000 3.82273114577221
3555000 3.8763347654162
3560000 4.24746935028959
3565000 5.3166574455415
3570000 5.47178380851774
3575000 5.49290951411422
3580000 5.49090801498888
3585000 5.74379357924171
3590000 5.45954961552077
3595000 5.02713078297053
3600000 4.41275239215703
3605000 4.54784156876655
3610000 4.87149558869789
3615000 4.78836648848141
3620000 3.87200874739944
3625000 3.5745387118046
3630000 4.57023366305816
3635000 5.36742398842239
3640000 4.99897848127616
3645000 5.10842907999301
3650000 5.76914026275989
3655000 5.60833537384765
3660000 5.69151139392803
3665000 4.88971560218645
3670000 4.7203883115799
3675000 5.02990574929321
3680000 4.67721043454521
3685000 4.4380467564066
3690000 5.32456777404035
3695000 5.84889148317229
3700000 6.34762678704074
3705000 6.40189389861078
3710000 6.25974028856186
3715000 6.1523548130207
3720000 5.30225611928287
3725000 5.58050068440694
3730000 5.46156645268324
3735000 6.0176811719974
3740000 6.0730077777113
3745000 5.65525241266188
3750000 5.30444437961276
3755000 4.51545728880088
3760000 4.12983095898964
3765000 4.08793727621072
3770000 4.50400867857159
3775000 3.94094340882619
3780000 3.67151373186402
3785000 3.90414422030958
3790000 3.50189409139229
3795000 3.99151610745064
3800000 5.52019089468578
3805000 6.14394088944245
3810000 5.84705646059393
3815000 5.504728557947
3820000 5.8344084569473
3825000 6.31251066031001
3830000 6.50118419251227
3835000 6.47409265131768
3840000 5.44378262822256
3845000 4.32656167104328
3850000 3.70817122348641
3855000 4.17970118168018
3860000 4.20437442248442
3865000 4.76497977833294
3870000 4.19599576806402
3875000 4.4280611372068
3880000 6.00070021282391
3885000 6.32347853010465
3890000 5.84551659050218
3895000 5.03050026052841
3900000 4.62058875939367
3905000 4.79697528166202
3910000 4.88832030220405
3915000 4.76186946759846
3920000 4.91385833282108
3925000 6.19580513669084
3930000 6.77999315745378
3935000 7.04600170263654
3940000 6.7350695556338
3945000 5.58526374412233
3950000 5.13487284647518
3955000 4.89783573336576
3960000 5.03369390254606
3965000 4.90223598164682
3970000 4.09701533292018
3975000 4.4174760796352
3980000 4.46493417401786
3985000 5.17367005066024
3990000 5.07728594400045
3995000 5.12160088736964
4000000 5.53399034687724
