# Fix print output for fix mythermofile
2000000 12.3387369082742
2005000 11.4301380228184
2010000 9.64686587615557
2015000 7.71871076247557
2020000 5.84649198071239
2025000 4.84767220658838
2030000 4.81854475998891
2035000 4.79108328961186
2040000 5.10733614805594
2045000 4.67988695545515
2050000 4.61085432132411
2055000 5.36038218775148
2060000 4.82934952530804
2065000 5.03340397839556
2070000 5.02623193168936
2075000 4.48963464176709
2080000 4.13660510018638
2085000 3.84901390540988
2090000 3.61965858861873
2095000 3.66397984445547
2100000 4.2506385644904
2105000 5.05277266591414
2110000 5.6574363560631
2115000 5.92316416548636
2120000 5.78676685603579
2125000 5.26929398918433
2130000 4.88047751903527
2135000 4.29568561077473
2140000 4.56118690669777
2145000 5.1559257139877
2150000 4.48768749387386
2155000 4.94435026706113
2160000 5.29711427996171
2165000 5.89125049031849
2170000 5.76561500998408
2175000 5.69183994681735
2180000 5.77151983929395
2185000 5.53659847642202
2190000 5.58567199040269
2195000 5.35852373900028
2200000 4.95232063976622
2205000 4.36220113769954
2210000 4.11701966627813
2215000 3.72796607073252
2220000 3.88978864138705
2225000 4.75710995395329
2230000 4.52341629977011
2235000 4.54085764959134
2240000 4.39721701029227
2245000 4.51353136786725
2250000 5.19934645909441
2255000 4.84645091178652
2260000 4.23825282581552
2265000 4.15695487255897
2270000 4.27186223532581
2275000 3.71973228333245
2280000 3.9847094619088
2285000 3.75703050701326
2290000 4.17221521489812
2295000 4.33764778114761
2300000 4.80351035196202
2305000 5.18774181031196
2310000 5.18325538723931
2315000 4.52089119023009
2320000 3.86910943435081
2325000 3.84535067302994
2330000 3.91233158452016
2335000 3.80000313679448
2340000 3.98744601387027
2345000 4.08137826479521
2350000 5.14560062883567
2355000 6.10522682380978
2360000 6.11443740598012
2365000 6.09552548120589
2370000 6.33925955850311
2375000 5.83548986526619
2380000 5.07432679532968
2385000 4.34513141381859
2390000 3.93866977314335
2395000 3.79289271215349
2400000 5.31162670137654
2405000 5.42712332407395
2410000 5.46885903729207
2415000 6.11654054338611
2420000 6.25363185025987
2425000 6.15523457688331
2430000 5.91310782713807
2435000 6.19356828953528
2440000 6.58364531142408
2445000 6.66695801892008
2450000 6.12138952311266
2455000 6.10289729155904
2460000 6.07277774967205
2465000 5.90854824864212
2470000 6.01094440943657
2475000 5.70919345505426
2480000 5.95835038073663
2485000 6.09298988011483
2490000 6.46246495537661
2495000 6.62869039629375
2500000 6.78615267104937
2505000 6.35611311883601
2510000 6.15615931669632
2515000 5.61458590615362
2520000 5.39054168190115
2525000 5.97127762291013
2530000 7.03777273920899
2535000 6.90150459273299
2540000 6.68955493253266
2545000 6.64103893876975
2550000 6.04608262515726
2555000 6.09719018079073
2560000 5.7889464391882
2565000 6.1225031299799
2570000 6.88474976843479
2575000 7.570114730286
2580000 7.68461477332841
2585000 7.11508498998383
2590000 6.31615306175386
2595000 5.61634272909467
2600000 4.45277677147156
2605000 3.40124468362809
2610000 3.99282139050168
2615000 5.07868956706332
2620000 5.81603518859559
2625000 6.11321056553563
2630000 6.14565954885919
2635000 5.2222845097497
2640000 4.5779235346782
2645000 4.60631491634583
2650000 5.06383176856983
2655000 5.14295242952031
2660000 5.36317314334752
2665000 5.3431745988633
2670000 5.65977025272271
2675000 5.6280980412269
2680000 5.08501299936523
2685000 4.54746058081462
2690000 4.89714432590389
2695000 5.27260597002672
2700000 5.53495904264383
2705000 5.44907091589891
2710000 5.02751405477805
2715000 4.40338041987413
2720000 4.9204352996755
2725000 5.1736313574493
2730000 5.45403442141915
2735000 5.77805197603956
2740000 6.59424596591645
2745000 7.20098414482864
2750000 6.82713066083703
2755000 5.6333542565394
2760000 4.63748039458055
2765000 3.80065234738977
2770000 3.95018747298385
2775000 4.81683408016424
2780000 5.33057840224454
2785000 4.92363750634089
2790000 4.90658301180289
2795000 4.97334315159429
2800000 5.2546188001159
2805000 5.04672070266274
2810000 4.54182796098342
2815000 4.40258753342409
2820000 5.62853012720226
2825000 5.84130747283932
2830000 5.81503863530984
2835000 5.48119580246543
2840000 5.53994333164088
2845000 6.02303170393028
2850000 6.55130419473695
2855000 6.12023022138618
2860000 6.1315513766403
2865000 6.75091544869851
2870000 5.7695863837769
2875000 4.89740300420169
2880000 5.53914350654946
2885000 6.13040585305137
2890000 5.77720681330972
2895000 5.49352485715259
2900000 5.23788240697474
2905000 5.21207958346053
2910000 5.77043793548632
2915000 6.88298970719724
2920000 7.42909112313514
2925000 8.0821936462831
2930000 7.66400238709407
2935000 7.49848115281003
2940000 6.57326819835703
2945000 5.23495101187972
2950000 4.14227128050026
2955000 4.66474836256141
2960000 4.76175397536688
2965000 4.77210297804741
2970000 5.04318716354454
2975000 5.07241679101568
2980000 5.05460394864681
2985000 5.50047945245674
2990000 5.7286236038703
2995000 6.45459218033124
3000000 7.25360686972524
3005000 7.3468701558693
3010000 7.02380596339347
3015000 6.29221192907478
3020000 4.97791893767067
3025000 4.77576702535021
3030000 4.84181903056547
3035000 4.56082140344051
3040000 4.49831920234991
3045000 4.08465644709665
3050000 4.28428386995803
3055000 4.40675129488119
3060000 4.28432270712289
3065000 5.09757193145085
3070000 5.86734808173937
3075000 5.68490558248623
3080000 5.36195956218499
3085000 5.08085823830458
3090000 4.62772418361248
3095000 4.93702560859677
3100000 5.309926122123
3105000 5.65882443115005
3110000 5.87376071914623
3115000 5.37633257779924
3120000 4.60543310293982
3125000 4.30946929596608
3130000 5.01605699988629
3135000 5.02309332857376
3140000 4.66607626916561
3145000 4.36310551627827
3150000 4.84922698007388
3155000 4.88578807256802
3160000 4.78699345494846
3165000 4.63058369296515
3170000 4.61288211969042
3175000 4.67019648786776
3180000 4.19313398828077
3185000 3.9712004219974
3190000 3.66259933986631
3195000 3.99565418315512
3200000 4.42571665958352
3205000 4.93977196981598
3210000 5.8063143768656
3215000 6.04228512768719
3220000 5.09877675363451
3225000 4.78983063291846
3230000 5.05528787791281
3235000 4.38621545734017
3240000 4.36055611217319
3245000 4.65310642843392
3250000 4.98449701022753
3255000 4.91467846308733
3260000 5.23621288268257
3265000 4.68500217562161
3270000 4.85691564526407
3275000 5.92045748493528
3280000 6.8498879941609
3285000 6.12142884344746
3290000 4.55283476771858
3295000 5.08458177578472
3300000 5.07841830547827
3305000 4.24675084198352
3310000 4.36706860213119
3315000 5.17533445329388
3320000 4.86533835160323
3325000 4.94983058261781
3330000 5.38509346035976
3335000 6.14930571151012
3340000 7.0758451651059
3345000 7.10856853164448
3350000 6.53710368651591
3355000 5.6391757086729
3360000 5.74531021270786
3365000 5.55163343575455
3370000 5.10780004767798
3375000 5.11676814433415
3380000 5.48751629264889
3385000 5.5318082436676
3390000 5.03476591254421
3395000 4.63526150735578
3400000 4.79968685019938
3405000 4.49260794064767
3410000 4.84922681922618
3415000 5.43826605404503
3420000 5.21169651017778
3425000 4.85743196821633
3430000 3.99654221107097
3435000 4.25433865598938
3440000 4.15430731331894
3445000 4.406700712625
3450000 5.54892156333947
3455000 6.35307851575934
3460000 6.50568496841688
3465000 6.1787413949876
3470000 6.26274654649609
3475000 6.23792169344345
3480000 6.36518407848356
3485000 6.40742378742824
3490000 6.70109334682316
3495000 6.32535090074983
3500000 5.91745437487838
3505000 6.07460337103933
3510000 5.85753339066337
3515000 5.17196206030733
3520000 4.44007120197333
3525000 4.51390281549324
3530000 4.65455246314347
3535000 4.30934611254463
3540000 4.24218825427056
3545000 4.25043132591128
3550000 4.13330012262477
3555000 4.67601307940038
3560000 4.52148053289285
3565000 4.8962697376666
3570000 5.17748071141834
3575000 5.10414788081138
3580000 5.0897726131069
3585000 4.87012304771913
3590000 4.94178361621245
3595000 4.93964472357475
3600000 5.36222622457421
3605000 5.9663110367311
3610000 6.20813244844101
3615000 6.06155849578798
3620000 5.91052248978131
3625000 5.33694793692588
3630000 4.77463194214586
3635000 4.36309762151108
3640000 4.55220012123395
3645000 4.95366480052245
3650000 5.72086307543845
3655000 6.06935814554304
3660000 5.74861321887674
3665000 5.32908362710345
3670000 4.67020368876973
3675000 4.66670526062087
3680000 5.24610155390541
3685000 5.70994222286242
3690000 6.6792740156731
3695000 7.02012908381834
3700000 6.84739634714164
3705000 6.11750355558283
3710000 6.23160760292828
3715000 6.04444497138447
3720000 6.00527651765599
3725000 6.59630610172233
3730000 6.97626944958291
3735000 7.05563262282835
3740000 6.75967880649727
3745000 6.40749607093691
3750000 6.05628566928657
3755000 5.65870527772062
3760000 5.78359580365014
3765000 5.20455258088182
3770000 4.73275956884564
3775000 4.43016155299404
3780000 5.61034573724296
3785000 6.23830212530201
3790000 5.71341708120093
3795000 6.16658571159032
3800000 6.41130773677537
3805000 6.11780841294153
3810000 6.39284495961181
3815000 5.99054767642208
3820000 6.29220800450712
3825000 6.6191171090264
3830000 7.55324450429784
3835000 7.94987343387794
3840000 7.41404569669376
3845000 6.66925197003707
3850000 6.17510286972612
3855000 5.53185838025191
3860000 5.01353538339525
3865000 4.46315543257776
3870000 4.39105823979686
3875000 4.46664480434906
3880000 4.39276430559984
3885000 4.23975839350599
3890000 3.98353246565134
3895000 4.18291782994589
3900000 5.53926883744655
3905000 5.47062292311129
3910000 6.09049914047957
3915000 6.17839646334019
3920000 6.5300047630897
3925000 7.40269329645865
3930000 7.14304428360565
3935000 6.01957355404995
3940000 5.2086934457269
3945000 5.44658295944091
3950000 5.55631145700262
3955000 4.87406422962695
3960000 5.39111698004017
3965000 6.0623486319138
3970000 5.98699769030108
3975000 5.55497064366072
3980000 5.62252559234623
3985000 6.00514364961322
3990000 6.16898064816866
3995000 5.21566636313349
4000000 4.49759204190388
