# Fix print output for fix mythermofile
2000000 12.3387369082742
2005000 12.2008518634876
2010000 11.4030152491849
2015000 10.8859944409928
2020000 10.0337668118001
2025000 9.30161197659316
2030000 9.58591405787912
2035000 9.1503716696271
2040000 8.89923692655217
2045000 9.44531989176559
2050000 9.08608420052564
2055000 8.97741746371224
2060000 8.6758158229178
2065000 8.011107486565
2070000 7.58325739284188
2075000 7.34140054089627
2080000 7.1204774310338
2085000 6.91493510056247
2090000 7.1588649546132
2095000 6.87076031501355
2100000 7.06598155267416
2105000 6.97962335775159
2110000 6.59716845481764
2115000 6.075551611647
2120000 5.76866393240343
2125000 5.50795137750243
2130000 6.24727496366685
2135000 6.31508007627502
2140000 6.49704654365339
2145000 6.71511298524729
2150000 6.6337489537979
2155000 6.78566792188173
2160000 6.70173590958106
2165000 7.13083461349836
2170000 6.2577026880953
2175000 6.24906618442029
2180000 5.93063747321457
2185000 5.94172738170053
2190000 5.76658039522673
2195000 5.92519986411702
2200000 6.38102709315448
2205000 6.08114288068363
2210000 5.39555838611774
2215000 5.26508521556584
2220000 5.41740229887198
2225000 5.18444582130745
2230000 4.95754338477946
2235000 5.3443828898755
2240000 5.26187442596253
2245000 5.00894421717968
2250000 4.85277650662904
2255000 4.97232593607938
2260000 4.9214808038292
2265000 5.12512870831981
2270000 5.42799207068836
2275000 5.90443517773019
2280000 5.03542544570701
2285000 5.07981808795746
2290000 4.89206383919247
2295000 4.88494484565973
2300000 4.75489386768924
2305000 4.8453555933722
2310000 5.04726884131711
2315000 4.77481363396718
2320000 5.05197740645052
2325000 4.71153619737139
2330000 4.99838707436666
2335000 4.85570322588684
2340000 4.68950369652844
2345000 4.23372001369616
2350000 4.08744429074012
2355000 4.43765744529528
2360000 4.75851036409753
2365000 4.59189881260612
2370000 4.66515184978823
2375000 4.92120433616132
2380000 4.84526294423431
2385000 4.92820487936655
2390000 4.82702876741549
2395000 4.70511771837616
2400000 5.01707612768263
2405000 4.68978745314995
2410000 4.5739945646667
2415000 4.5412535788937
2420000 4.92993135784832
2425000 5.09265721957499
2430000 4.80580096861595
2435000 4.34942039835605
2440000 4.69998340816635
2445000 4.38571983873581
2450000 4.66897314852196
2455000 5.24431413624828
2460000 5.72124733840383
2465000 6.32545250360955
2470000 6.03650578097955
2475000 5.88132428943222
2480000 5.33056301770417
2485000 5.462995773317
2490000 4.92659166002775
2495000 4.92010144191004
2500000 5.41679633754825
2505000 5.39021395607751
2510000 6.00124536433811
2515000 5.53204033699217
2520000 5.24685188190818
2525000 5.06005456956476
2530000 5.20047576152369
2535000 4.79213293722474
2540000 5.1165578865221
2545000 5.13633214261908
2550000 5.0693914038207
2555000 5.02939680715906
2560000 5.10520270894093
2565000 4.96217251980107
2570000 5.03584805821707
2575000 4.81238691879475
2580000 5.03574666551406
2585000 5.60741153320341
2590000 5.28987238446994
2595000 5.3479993569108
2600000 4.80987279004634
2605000 5.38117548948465
2610000 5.1981111800809
2615000 5.14045214171885
2620000 5.35054568125816
2625000 5.42759413942125
2630000 4.91650226765989
2635000 4.63953165928048
2640000 4.62019345509039
2645000 5.21233867210291
2650000 5.40672283315995
2655000 4.82885931113672
2660000 4.85097217520549
2665000 4.82399729949869
2670000 4.7781949900013
2675000 4.30056912742833
2680000 4.7317539587001
2685000 4.05394053251788
2690000 3.93484201317726
2695000 4.1721360211273
2700000 3.95371556833086
2705000 4.0000024686682
2710000 3.85717954950625
2715000 3.6820666069858
2720000 3.80056031534439
2725000 3.77295298520804
2730000 3.28742817930206
2735000 4.13463096385793
2740000 4.608754294717
2745000 4.55331279210355
2750000 4.31187512291048
2755000 4.36060910272006
2760000 4.70091731521355
2765000 4.65031903751905
2770000 4.30776608824552
2775000 4.52547616649574
2780000 4.74002520203605
2785000 5.30755791525093
2790000 6.0865167470239
2795000 5.74681541203346
2800000 5.73432287557754
2805000 5.70601549378299
2810000 5.33486945405276
2815000 4.9242100751914
2820000 5.33887179243535
2825000 5.55050941116049
2830000 5.64061241338038
2835000 5.06198394785924
2840000 4.90319669173478
2845000 5.46927545799406
2850000 5.51409432065249
2855000 5.30254173185005
2860000 5.54020536253485
2865000 5.38728513167011
2870000 5.59298272601207
2875000 6.03972072676956
2880000 6.01630269709836
2885000 5.54110070578237
2890000 5.21481484522401
2895000 5.59354976057065
2900000 5.47010308374292
2905000 6.11525251439533
2910000 5.66021965557538
2915000 5.69807699064298
2920000 6.04497334290385
2925000 5.508950935073
2930000 5.20091113735383
2935000 5.03881145204826
2940000 4.97137740144993
2945000 4.81649109675389
2950000 4.87095495038632
2955000 4.36265213807124
2960000 4.39153579161127
2965000 4.36773426321029
2970000 4.0462524692176
2975000 4.55686580390064
2980000 5.0673775699768
2985000 4.91081161386921
2990000 4.89418744272514
2995000 4.88093974952035
3000000 5.02136366930746
3005000 5.14869569652792
3010000 4.83308952829971
3015000 4.61043088773642
3020000 4.792700477687
3025000 4.75536947540498
3030000 4.79343841173549
3035000 4.59578494907565
3040000 4.4183689934138
3045000 4.53194338006532
3050000 4.66966923929546
3055000 4.98520049759295
3060000 4.9985855741341
3065000 5.56747185414764
3070000 5.73469924039274
3075000 5.6960674338382
3080000 5.12562958277185
3085000 4.66219303826362
3090000 5.04779464595628
3095000 4.67740997652396
3100000 4.96246446977258
3105000 5.27100551846486
3110000 4.87993193636299
3115000 4.35476353177781
3120000 4.33391005093438
3125000 4.67939816135932
3130000 4.12836437387326
3135000 4.00070386917551
3140000 4.58934561902673
3145000 4.21903634324004
3150000 3.94390263133471
3155000 4.36662148510674
3160000 4.9780255312646
3165000 5.11000294174477
3170000 5.01549200951892
3175000 4.24551419976
3180000 4.02043704647199
3185000 3.9324882056429
3190000 3.97335854918682
3195000 3.70065827642167
3200000 3.77088231309119
3205000 3.20121669243648
3210000 3.46191171097048
3215000 3.74398466008723
3220000 4.15301036551079
3225000 4.29495846613584
3230000 4.68461427463128
3235000 4.58671331794352
3240000 4.91406597127264
3245000 4.36394249211957
3250000 3.98501012251665
3255000 4.44852823936594
3260000 5.29483402183297
3265000 5.13828483422652
3270000 5.34120148852564
3275000 5.55390099736755
3280000 5.6646969920469
3285000 4.87457515061769
3290000 5.24177950134098
3295000 4.9027314815209
3300000 5.6278598015644
3305000 6.05289068998052
3310000 6.25370539012813
3315000 6.0405063050532
3320000 6.14244205409654
3325000 6.27943195973345
3330000 5.93255833536554
3335000 5.20393749466294
3340000 5.26048772445599
3345000 5.19581588177209
3350000 5.29819378575557
3355000 5.1663554617718
3360000 5.62646230589544
3365000 5.43747338198029
3370000 5.44372629364562
3375000 5.94286836822706
3380000 6.3384652385626
3385000 6.3879679457903
3390000 6.29141394670168
3395000 7.06811013547193
3400000 7.01012913545659
3405000 6.2383763693184
3410000 6.09880049798738
3415000 5.94344058035027
3420000 6.03754196621153
3425000 6.10233806357177
3430000 6.11242680337
3435000 6.31954627293668
3440000 6.00609213700471
3445000 6.23365671885325
3450000 6.17157841877315
3455000 6.28509765234533
3460000 6.2386999209307
3465000 6.23565866678636
3470000 6.47075399441096
3475000 6.16848663439254
3480000 6.48814468547935
3485000 6.37320636691029
3490000 6.30032933667145
3495000 6.29696120168862
3500000 6.75469794375017
3505000 6.9233208710935
3510000 7.30146724484078
3515000 7.33115354178867
3520000 7.17381539503897
3525000 7.43861060143601
3530000 7.34987349820449
3535000 7.94338188453361
3540000 7.87540309622109
3545000 7.84949875896869
3550000 7.45011056928399
3555000 7.20344060558609
3560000 7.33350845421124
3565000 7.26808084185234
3570000 7.13379176713583
3575000 7.21168259148216
3580000 7.80784049011769
3585000 7.70107072609012
3590000 7.4806765162332
3595000 7.65446812881523
3600000 7.38883312412383
3605000 7.74131047183689
3610000 7.79710793261865
3615000 8.15938176643703
3620000 7.84922783336872
3625000 7.57174240052343
3630000 7.31811013517925
3635000 7.51082476107351
3640000 7.95495844437856
3645000 7.85889131790681
3650000 7.87179617822337
3655000 8.01111121446204
3660000 7.26204115265237
3665000 6.62724347042452
3670000 6.26727048475289
3675000 6.15119536483366
3680000 5.67050813383914
3685000 4.86313723366511
3690000 4.92693497060908
3695000 4.79148443467306
3700000 4.74701344291111
3705000 5.06097376694298
3710000 4.88767615864982
3715000 4.63421670881477
3720000 4.43381593263256
3725000 4.66465207119437
3730000 5.03587703943617
3735000 4.49452259635599
3740000 4.47504094937057
3745000 4.54964671641963
3750000 5.33591920617938
3755000 5.39542632459267
3760000 5.11914876070914
3765000 4.87233004976138
3770000 4.35652593901628
3775000 4.78155384079415
3780000 4.9177816299119
3785000 4.7940145128158
3790000 5.10196126877673
3795000 5.50567518076128
3800000 5.46933386869555
3805000 5.55685888331393
3810000 5.34141585119634
3815000 4.57364377777472
3820000 4.68723755212825
3825000 4.91750684891278
3830000 5.09019903639058
3835000 4.89994253171532
3840000 5.30741513181927
3845000 5.50634881276217
3850000 5.16898188528568
3855000 5.55852583518835
3860000 5.82745181823665
3865000 5.47118189239051
3870000 5.31640928090911
3875000 5.52576211760746
3880000 5.56080262618285
3885000 5.72786193041887
3890000 5.82454571727172
3895000 5.98164679127961
3900000 5.64666436063377
3905000 5.76714502085884
3910000 5.54498245029632
3915000 5.53811242921488
3920000 5.56857749096003
3925000 4.95131254796721
3930000 4.19427935589366
3935000 4.42436245679894
3940000 4.90501839019601
3945000 5.22417441249421
3950000 5.18266575578828
3955000 5.15803470476875
3960000 5.15735732728416
3965000 5.24341917816921
3970000 5.41409298823139
3975000 5.95213249761096
3980000 5.87937357937113
3985000 5.90563655795186
3990000 5.53241885701886
3995000 4.92436231245893
4000000 4.43018225177294
