# Fix print output for fix mythermofile
2000000 12.3387369082742
2005000 11.4070836220355
2010000 9.19286803398125
2015000 7.18892264816004
2020000 5.19806900070607
2025000 4.2505761214039
2030000 4.05409825104786
2035000 4.64799202219253
2040000 5.19604048744353
2045000 5.24728449098896
2050000 5.27224915004062
2055000 4.65055075692655
2060000 4.27901953669193
2065000 4.72967891413979
2070000 4.96153433028924
2075000 5.18665078911232
2080000 5.53747291977217
2085000 5.63671131592509
2090000 5.5646762039143
2095000 6.12704674370576
2100000 5.07583435002594
2105000 3.93925060847834
2110000 3.75514664503164
2115000 4.17972404040589
2120000 3.84513869519572
2125000 4.35718415736736
2130000 4.80518373958893
2135000 5.19412528328201
2140000 5.32458918462851
2145000 5.29009684373744
2150000 5.13743166060663
2155000 4.77130402702685
2160000 5.40298674791642
2165000 5.70113110740767
2170000 5.62807417538973
2175000 5.67497308536083
2180000 5.73687367988919
2185000 5.49997789876895
2190000 5.44279134658054
2195000 4.71067756187886
2200000 4.07902291923804
2205000 4.12752455134129
2210000 4.28819621669295
2215000 4.43172793972794
2220000 4.4450511515581
2225000 4.938199112555
2230000 5.52985911395343
2235000 6.10240896896441
2240000 6.26442151737692
2245000 6.23867376576154
2250000 5.7355463571489
2255000 5.26182797669595
2260000 4.28358865992463
2265000 4.03503910828879
2270000 4.15331714450024
2275000 4.41517059595537
2280000 4.76236190063401
2285000 4.95306170460586
2290000 5.07092667379917
2295000 4.93885189358058
2300000 4.55079369073546
2305000 4.59526658967381
2310000 4.294210527519
2315000 4.03378278034615
2320000 4.08963539954043
2325000 5.11987112814843
2330000 5.69061771279985
2335000 6.07852075853631
2340000 6.08864216249764
2345000 4.92968818834566
2350000 4.09858486286567
2355000 4.78528035723656
2360000 5.6616262903748
2365000 6.62597079025723
2370000 7.28894530877404
2375000 8.13005562245668
2380000 7.87232585916966
2385000 6.58914743551893
2390000 4.95650846440618
2395000 3.68611332227823
2400000 3.92158311911363
2405000 5.0703421355968
2410000 5.9328143266288
2415000 6.51099599778299
2420000 7.10393637772889
2425000 6.64318129799344
2430000 6.15143898233942
2435000 5.31726716087918
2440000 4.6685626871392
2445000 4.29423114162578
2450000 4.12735851969097
2455000 4.12607712342361
2460000 4.03520933041788
2465000 3.87756677510327
2470000 4.80293112009034
2475000 5.12782355928316
2480000 5.48316796795443
2485000 5.52327491477471
2490000 5.11051101017972
2495000 4.49525979751561
2500000 4.10559154587203
2505000 4.16343258623824
2510000 4.01215720557876
2515000 4.27611051026752
2520000 4.12711291263865
2525000 4.07786491009751
2530000 4.50395761556211
2535000 5.48250546472987
2540000 6.77183981393825
2545000 7.55353474449736
2550000 7.25447885154155
2555000 6.80699729508716
2560000 6.63479735369181
2565000 6.39618273070051
2570000 6.03248242836053
2575000 5.69519904337098
2580000 5.03921472979536
2585000 4.33242677353865
2590000 4.30409953682452
2595000 4.2269318845406
2600000 4.54510054608488
2605000 4.74383804212552
2610000 4.96314488441431
2615000 5.35621474442459
2620000 5.62247035635197
2625000 6.08080610267453
2630000 6.42606222137626
2635000 6.53847761449583
2640000 6.53493214945739
2645000 6.44030050496225
2650000 5.99782023371175
2655000 5.82700193446431
2660000 5.46702514602002
2665000 5.15419178299318
2670000 4.98699408991579
2675000 5.23807236564515
2680000 5.29890702149285
2685000 5.51622717579461
2690000 5.01707265341365
2695000 4.940170641791
2700000 4.56817272834262
2705000 4.82297396504639
2710000 4.81363352198329
2715000 4.95451534937602
2720000 5.22656854540649
2725000 5.9268148314588
2730000 5.24687541539531
2735000 4.96651902296949
2740000 5.44257409075382
2745000 5.65939078133786
2750000 5.84136486025472
2755000 5.76673113373397
2760000 5.40564410130492
2765000 5.12449150280257
2770000 5.15921268071972
2775000 4.8061946084332
2780000 4.44549291948982
2785000 3.65401637060656
2790000 3.9789154608295
2795000 4.37130704199115
2800000 4.22292961906097
2805000 4.78598712625856
2810000 4.90040611372704
2815000 4.5732281477689
2820000 3.71257825586836
2825000 3.85149185542256
2830000 3.79036287158596
2835000 4.39203361792948
2840000 5.33569030482202
2845000 5.73798881314758
2850000 5.49945296199738
2855000 5.74795438222286
2860000 5.31232936463233
2865000 4.81026707319783
2870000 5.29183961838897
2875000 6.42739468910878
2880000 6.44122846309701
2885000 6.09976851163731
2890000 5.28083711144953
2895000 5.43761706297228
2900000 6.22094241682073
2905000 6.54624569745984
2910000 6.59458106063398
2915000 6.91578505355842
2920000 6.54972817228241
2925000 6.03164919118707
2930000 5.85874363696257
2935000 5.55302182908871
2940000 5.83331158482507
2945000 6.04598517420928
2950000 6.22877612567641
2955000 6.1134861828348
2960000 6.62061723985769
2965000 6.83586466158734
2970000 6.71906195441135
2975000 6.495586408082
2980000 5.81340696434438
2985000 5.38340812766692
2990000 4.46621536773427
2995000 3.86153249842032
3000000 3.92580363430011
3005000 4.77256597239183
3010000 5.66346162551352
3015000 6.37678945170195
3020000 6.49170575195283
3025000 5.79058758364451
3030000 4.87137598795213
3035000 4.23015614519923
3040000 4.77831509033429
3045000 5.25546465643893
3050000 5.70244053880384
3055000 6.11584579021867
3060000 5.75177676779222
3065000 5.82347269210163
3070000 5.37049418212485
3075000 4.77063625173055
3080000 4.87436217833634
3085000 5.56152872001479
3090000 5.57763240229446
3095000 5.00709528326409
3100000 4.76969683234604
3105000 4.94995224865332
3110000 4.80586912252086
3115000 5.39971253709785
3120000 6.3321771278871
3125000 6.16357635809432
3130000 5.71747415351738
3135000 5.61426059669418
3140000 5.73437415422141
3145000 6.06721772371307
3150000 5.95433280177065
3155000 5.6468593089101
3160000 5.39798844062568
3165000 5.99765618205703
3170000 7.10050516017426
3175000 7.56486038051458
3180000 7.36490937922145
3185000 6.98076099490628
3190000 5.98325373887691
3195000 5.90547425915619
3200000 5.46385187539278
3205000 4.512982124223
3210000 4.18453767056835
3215000 5.03969911643896
3220000 5.32942494715287
3225000 5.48385347323405
3230000 6.02263027126438
3235000 7.2807353920653
3240000 8.2250874653968
3245000 8.28616115312117
3250000 7.58290340987364
3255000 6.38263309299595
3260000 4.81621730287214
3265000 3.82573381192249
3270000 3.77418301933685
3275000 3.84094937882899
3280000 4.1934738803724
3285000 4.52691865498817
3290000 4.80983469818973
3295000 4.97796357567558
3300000 5.50800754347397
3305000 5.5760069812009
3310000 5.84699436689957
3315000 5.58891668033442
3320000 5.59940974033882
3325000 5.45675918675127
3330000 5.50579373202949
3335000 5.5387350882934
3340000 5.6568914224567
3345000 5.47248673067953
3350000 4.86773026794226
3355000 4.75391817965862
3360000 5.09312881730944
3365000 5.23793259210072
3370000 5.19058869514948
3375000 4.45536440176121
3380000 3.91017299074137
3385000 3.32570044808216
3390000 4.71710232066422
3395000 6.47602541508019
3400000 7.57753488127781
3405000 8.22554035101541
3410000 8.23932983602732
3415000 8.06375644616457
3420000 7.6631481953483
3425000 7.34718598683362
3430000 6.73076368122866
3435000 5.68505803746502
3440000 5.0658589278276
3445000 4.75086835116617
3450000 4.41313989786614
3455000 4.99398487279487
3460000 5.180010387263
3465000 5.53015493189437
3470000 5.92752118538688
3475000 6.68582389823472
3480000 5.95850164200659
3485000 5.36977837298391
3490000 5.09999954022302
3495000 4.86249044198488
3500000 4.82843268081023
3505000 4.32258034749454
3510000 3.96470521961122
3515000 4.6117385262613
3520000 4.52576410087879
3525000 3.88245009523394
3530000 4.43711115017827
3535000 5.59697639841217
3540000 6.65317939613623
3545000 6.36147944037615
3550000 6.42302983241501
3555000 6.65873343098653
3560000 5.6826338363281
3565000 4.42157376373661
3570000 3.7666770398942
3575000 4.31951905205931
3580000 4.94535808490397
3585000 5.01719773165104
3590000 5.31205864019965
3595000 6.54807606477023
3600000 6.41373773339062
3605000 6.04774207473915
3610000 5.48077745452796
3615000 4.88273802896708
3620000 4.40191317402961
3625000 4.57432270217076
3630000 5.33729263400218
3635000 4.75780416784252
3640000 4.64738405225752
3645000 5.21284441758344
3650000 5.63880359413848
3655000 5.59763106666009
3660000 5.08691192125778
3665000 4.75772325912227
3670000 5.21715283377576
3675000 4.1862798595517
3680000 4.66369913687761
3685000 5.05616146578172
3690000 5.4223557640035
3695000 5.66190385038763
3700000 5.54205799639777
3705000 5.15547594185197
3710000 4.24771510070966
3715000 3.80125602505424
3720000 4.12828137919717
3725000 4.06604066606554
3730000 4.24244438310496
3735000 3.87273664137159
3740000 3.74756842834015
3745000 4.1773620928439
3750000 4.55352879141368
3755000 4.32808433380122
3760000 5.15654777596262
3765000 5.55377858986279
3770000 5.25474120775833
3775000 5.14869764981019
3780000 5.25458592365047
3785000 5.71302094169977
3790000 6.50011285981154
3795000 6.91347882294018
3800000 6.69558801438691
3805000 6.14742421133359
3810000 5.40256838218565
3815000 4.39380388438304
3820000 3.77499808108602
3825000 4.3982418499574
3830000 5.47063899384818
3835000 6.27268361155591
3840000 7.25456772784561
3845000 7.79612546719897
3850000 8.21673088398764
3855000 7.81180021654851
3860000 7.32751853427212
3865000 6.40710791979483
3870000 5.16548638569192
3875000 4.82175319488255
3880000 4.99644832518894
3885000 6.11002866479202
3890000 6.84260243474545
3895000 7.23677781233333
3900000 7.04072962222771
3905000 6.37926945274024
3910000 6.31115011742127
3915000 6.01753676838004
3920000 5.6629090869734
3925000 6.19812945020605
3930000 6.26115346289639
3935000 6.00907745262545
3940000 6.34830423526077
3945000 6.61544310641946
3950000 7.14473913809707
3955000 7.36129335841807
3960000 6.81915905415422
3965000 6.53352168757217
3970000 6.09602596680177
3975000 5.40521176725938
3980000 4.44927795432159
3985000 3.87995486700324
3990000 4.07297499156082
3995000 4.16849821119693
4000000 4.43018975774856
