# Fix print output for fix mythermofile
2000000 12.3387369082742
2005000 11.5862594507763
2010000 9.15493187925458
2015000 7.05333403914369
2020000 6.29912636691172
2025000 5.67977999778113
2030000 5.38065635332363
2035000 4.77012968004039
2040000 4.81174393666278
2045000 4.80931757789511
2050000 5.23866864141002
2055000 5.46657499768441
2060000 4.75853847813051
2065000 4.23591574084529
2070000 4.9545727919436
2075000 5.35685897991475
2080000 6.07718888866549
2085000 6.49116146268782
2090000 6.86263063275088
2095000 7.25578442250073
2100000 7.30967002465509
2105000 6.45305810222263
2110000 5.21252425959024
2115000 4.07778232625951
2120000 4.3138348675399
2125000 3.77169862918789
2130000 4.80248493367725
2135000 5.69239703207089
2140000 5.10110633897672
2145000 4.9508778469634
2150000 4.97929202081847
2155000 4.7586743352688
2160000 4.41001104157538
2165000 4.91461489874885
2170000 4.72771047443628
2175000 5.04481343131683
2180000 5.64531563530485
2185000 5.25424421885737
2190000 4.77942271192978
2195000 4.72375165801583
2200000 4.96354957289145
2205000 5.95628612307919
2210000 7.27826726595268
2215000 7.460909040994
2220000 7.45799586488657
2225000 7.27935589056743
2230000 6.76533849776007
2235000 5.98679537590782
2240000 5.74186647651073
2245000 5.5558407644477
2250000 5.43839377520738
2255000 5.12034642984781
2260000 5.28714377418729
2265000 4.94532852168277
2270000 5.20107121968204
2275000 5.26861709488317
2280000 5.18715760301177
2285000 4.73652042388261
2290000 4.65246463011917
2295000 4.90993369703644
2300000 4.11148028573074
2305000 4.27757544735871
2310000 4.46149481383345
2315000 4.29722038338448
2320000 4.17098635595569
2325000 5.02633892224098
2330000 4.9164505640871
2335000 4.66903645054773
2340000 4.71488917744131
2345000 4.58462679094516
2350000 3.86653982443876
2355000 4.5681152980468
2360000 5.33108159413006
2365000 6.21784214420214
2370000 6.37210848459226
2375000 6.07711205608565
2380000 5.47513892574251
2385000 4.88918495582489
2390000 4.08059474613608
2395000 3.90325156632511
2400000 3.46879315224143
2405000 3.6573463008351
2410000 3.63473975745409
2415000 4.22376656789257
2420000 4.03546774795937
2425000 4.19236845464622
2430000 4.67511139110927
2435000 3.79072709616736
2440000 3.77708709844845
2445000 3.9811126365915
2450000 4.68836401801343
2455000 4.82348569833782
2460000 4.58764248432951
2465000 4.81390710830771
2470000 5.44632542521769
2475000 5.73029074133462
2480000 6.40190760165274
2485000 6.46312057589586
2490000 6.10075192913461
2495000 5.3535615674571
2500000 4.77706800539847
2505000 4.89112669021946
2510000 5.50328719176234
2515000 6.16077969461766
2520000 6.56689993520377
2525000 6.70705318551964
2530000 6.31953904193807
2535000 6.15507881688053
2540000 5.7654459636993
2545000 5.06287378627425
2550000 4.94791711702315
2555000 4.75856810217009
2560000 4.62599917532069
2565000 4.75020084545152
2570000 5.38846639641293
2575000 6.17293019368092
2580000 5.65284314728579
2585000 5.37723926276787
2590000 5.4441075117502
2595000 4.63498376982171
2600000 4.45268239891052
2605000 4.86792684894036
2610000 5.72196051123934
2615000 5.76242545497236
2620000 6.43766428964072
2625000 5.57475607946189
2630000 5.91482009037107
2635000 6.09578266933096
2640000 5.04979143751466
2645000 4.79468905590662
2650000 4.59629277290625
2655000 4.70101547679316
2660000 4.43554932638026
2665000 4.65159347033691
2670000 4.43993176861083
2675000 4.89735019353105
2680000 5.35025548899489
2685000 6.12386504038503
2690000 6.62669061556522
2695000 7.39823716332894
2700000 7.03054367397622
2705000 6.04011696835338
2710000 4.39839423851728
2715000 3.80335755830939
2720000 4.39785163702642
2725000 4.74334756686766
2730000 5.25673270031698
2735000 5.06826376862732
2740000 4.74762092725719
2745000 4.33449886493018
2750000 4.64063549677873
2755000 5.55869795260789
2760000 5.7286539469697
2765000 5.45490985848901
2770000 5.56632467074268
2775000 5.8775964955263
2780000 6.45312125323968
2785000 5.93002696778465
2790000 5.23322871220243
2795000 4.8914374564849
2800000 5.82199139616761
2805000 6.0147253920632
2810000 5.79110121121313
2815000 5.49637776810114
2820000 6.38602161495842
2825000 6.72653644310773
2830000 6.94715846667512
2835000 6.70377607277947
2840000 5.77655761484134
2845000 5.53418452890162
2850000 5.53749280344449
2855000 5.56956425502205
2860000 5.29479742606806
2865000 4.95976140426766
2870000 4.50807707830117
2875000 4.45136697683331
2880000 4.84806659740703
2885000 5.13377778867546
2890000 5.11760828014255
2895000 5.33650306170986
2900000 5.1130662424305
2905000 5.05491875448705
2910000 5.08171480656558
2915000 4.64920167568659
2920000 4.85450366753624
2925000 5.49660276704305
2930000 4.85320669603295
2935000 4.77292071545727
2940000 4.66676435592957
2945000 4.68171116067845
2950000 4.26228766863151
2955000 4.15850988168219
2960000 4.47487520591304
2965000 4.80050002606397
2970000 5.06488553848275
2975000 4.48590146251272
2980000 4.12901860231747
2985000 3.96249577504376
2990000 3.87115312355016
2995000 4.57007107694454
3000000 4.75652586220268
3005000 5.18341079532616
3010000 4.59114265314176
3015000 4.46486664604371
3020000 4.60749369335788
3025000 5.11779120225792
3030000 5.19801564969157
3035000 5.16879225907307
3040000 4.97386576051987
3045000 4.42099180550943
3050000 4.07908904502909
3055000 4.19159515056708
3060000 4.79270450530871
3065000 4.60029925482231
3070000 4.5281979534506
3075000 4.9645842449304
3080000 5.24070962299429
3085000 4.18878101471063
3090000 3.9026269860337
3095000 4.19361075367642
3100000 4.88566726648705
3105000 5.07475177513154
3110000 5.44851722866331
3115000 5.77442825512657
3120000 5.29006508873801
3125000 4.84850189005974
3130000 4.73139102581128
3135000 4.76939030543545
3140000 5.09473085604376
3145000 4.88788082041884
3150000 4.61144369106056
3155000 4.27231685145783
3160000 4.29948481666396
3165000 4.59627033524638
3170000 4.89559543960448
3175000 4.86117875944269
3180000 4.386061075206
3185000 4.25519672697718
3190000 4.6303574831226
3195000 5.54920040441463
3200000 6.47325138119897
3205000 6.49354448742427
3210000 5.58530489998224
3215000 6.14451394858825
3220000 6.16479344014824
3225000 6.0060562893905
3230000 5.94553140622659
3235000 6.01348227069201
3240000 5.02939059939774
3245000 4.71175635082015
3250000 5.02284642308584
3255000 5.13890197860286
3260000 5.20168669706426
3265000 5.12034097719189
3270000 5.33691030602676
3275000 6.10940824930902
3280000 6.44438748713133
3285000 5.75283726011976
3290000 5.38539452866067
3295000 4.69822002101015
3300000 4.40166481665748
3305000 5.37178796923538
3310000 5.90399443421465
3315000 4.95055463571928
3320000 4.38939593697099
3325000 3.88839570860113
3330000 3.39365896065245
3335000 4.00926770815747
3340000 3.99462314760852
3345000 4.37860029752161
3350000 4.02392802677028
3355000 5.19311004621369
3360000 5.65138016773233
3365000 5.93283049364677
3370000 5.52953890854907
3375000 5.15986755609076
3380000 5.26009194794822
3385000 5.24390171017126
3390000 4.74777522044455
3395000 4.47038561588105
3400000 4.20066179038097
3405000 4.12741669743686
3410000 3.68646354631313
3415000 4.28503861742459
3420000 5.05338741026783
3425000 4.94603433821372
3430000 4.4028263483388
3435000 4.71703339372757
3440000 5.51736652351838
3445000 5.93114922079233
3450000 5.8019155499802
3455000 5.2675805888434
3460000 4.58670333079291
3465000 4.49760613512108
3470000 4.62851792501979
3475000 4.60927107262705
3480000 4.64784302885044
3485000 4.77986171708354
3490000 4.38399437628039
3495000 5.15568681517625
3500000 5.57693571661649
3505000 5.2883591872967
3510000 4.96411649054667
3515000 5.38005084338453
3520000 6.04517268445431
3525000 6.2393040289582
3530000 6.92700376677068
3535000 6.92049174586495
3540000 6.0883292276388
3545000 5.88204103719856
3550000 5.24408437128628
3555000 4.70008755681036
3560000 4.23396099715076
3565000 4.73592578050631
3570000 5.27506340468953
3575000 6.2361933974739
3580000 5.82456404591576
3585000 5.38899778397104
3590000 5.10929631626266
3595000 4.29665685554192
3600000 3.4647174889003
3605000 3.9801322745457
3610000 4.12203692764209
3615000 4.29010143603576
3620000 4.72520786375458
3625000 5.38855127215838
3630000 6.2147588294376
3635000 6.80319746617453
3640000 6.64084329760233
3645000 6.36229306867599
3650000 5.77810761381631
3655000 5.08417598907683
3660000 6.20355349044855
3665000 6.73403474866016
3670000 6.82573561147769
3675000 6.43708563369799
3680000 5.74344812483046
3685000 4.54310375441139
3690000 3.6685754652448
3695000 3.94201101554221
3700000 4.54146714352317
3705000 4.93161081894422
3710000 5.10735769800034
3715000 4.97455557345836
3720000 5.14966754381054
3725000 5.26138243297839
3730000 5.650558242642
3735000 5.86220848613964
3740000 6.12676391444807
3745000 5.05482005184808
3750000 5.0245999266548
3755000 5.0400486772601
3760000 5.23513955945594
3765000 5.40078910260774
3770000 5.32022459058445
3775000 5.62740792452687
3780000 5.11985255574051
3785000 4.90471050721008
3790000 5.30610177915469
3795000 5.08988685822441
3800000 4.91149342519858
3805000 4.23674833126695
3810000 4.02645659278294
3815000 3.93965576405168
3820000 4.07232767816129
3825000 4.88473558473089
3830000 5.6975942304587
3835000 5.69334745243569
3840000 6.21659157708775
3845000 6.59731988456437
3850000 6.52467001461442
3855000 6.40967595415792
3860000 5.48868504079047
3865000 4.82870805234169
3870000 4.52163090763814
3875000 4.59920720778109
3880000 4.68505733833677
3885000 4.8544947037856
3890000 4.90546181878691
3895000 5.50009929850891
3900000 5.28436733114092
3905000 4.95118328769165
3910000 4.44431589016002
3915000 4.57269450710527
3920000 4.52923534937312
3925000 4.40136085098318
3930000 4.01319934299707
3935000 3.93310448846892
3940000 3.83250839475911
3945000 4.42058907630151
3950000 5.12015924675768
3955000 5.76743153014142
3960000 6.24213245712689
3965000 6.24439042035145
3970000 6.26570099507246
3975000 6.24195788088272
3980000 5.67737426096167
3985000 4.97098981860442
3990000 4.62758887486705
3995000 5.44913931615415
4000000 6.15373235537729
