# Fix print output for fix mythermofile
2000000 12.3387369082742
2005000 11.0629003739914
2010000 8.84215442482712
2015000 7.23229928096718
2020000 6.94117933645621
2025000 7.39594399137073
2030000 8.53025468091472
2035000 9.61027068181781
2040000 9.99695994567208
2045000 9.52963807261212
2050000 8.27467783424975
2055000 7.4611378744585
2060000 8.07502896174735
2065000 8.91887168399569
2070000 9.77758384046409
2075000 9.80766590619625
2080000 8.70415399664951
2085000 7.74361083426548
2090000 7.44572859731197
2095000 7.49024878034748
2100000 7.94762783784146
2105000 9.43771855976159
2110000 9.94785713695945
2115000 9.8142868358735
2120000 8.79931307951513
2125000 7.84770202191847
2130000 7.79157907586981
2135000 8.3562916495622
2140000 9.00392848957319
2145000 9.22039013571161
2150000 9.08706048990715
2155000 8.85994699520452
2160000 8.68425470333152
2165000 8.41323271773038
2170000 8.13975946758753
2175000 8.29747592398238
2180000 8.4518433969708
2185000 8.77391105026343
2190000 9.10159124495837
2195000 9.19666286984764
2200000 8.7640314265994
2205000 8.49462860147618
2210000 8.27419888084585
2215000 7.93692099123439
2220000 8.08890088361713
2225000 8.81579882438268
2230000 9.48441883260248
2235000 9.66742580059283
2240000 9.71353760680332
2245000 9.83009016597333
2250000 9.07310581855815
2255000 7.87324576886631
2260000 7.25059614530399
2265000 7.73247605514508
2270000 8.57981767541451
2275000 9.46742721176338
2280000 9.74788282835509
2285000 9.90800735223911
2290000 9.86275314865316
2295000 8.9967873640068
2300000 7.68307957191914
2305000 6.95377126036728
2310000 7.38019488952768
2315000 8.64139456711557
2320000 9.95351355922253
2325000 10.0962688881706
2330000 9.32029652899566
2335000 7.89611537844934
2340000 7.17490379015307
2345000 7.97111532925592
2350000 8.81763023617225
2355000 9.02523505057633
2360000 8.88807876425569
2365000 8.64879006495141
2370000 8.53182436631706
2375000 7.85529301353214
2380000 8.03939620166132
2385000 8.27604652597104
2390000 8.54816331155485
2395000 8.85608990304756
2400000 9.12469937715678
2405000 8.98482382580592
2410000 8.5234596290514
2415000 8.67116974617152
2420000 8.90244152932782
2425000 9.03602703231613
2430000 9.20166050335197
2435000 9.7096435203355
2440000 9.83194883833877
2445000 9.10396784924355
2450000 8.2844272047256
2455000 8.07116019421464
2460000 8.60093631476411
2465000 9.67084396603935
2470000 10.1715670106739
2475000 9.60678753666524
2480000 8.47142928502369
2485000 7.75364531486312
2490000 7.91291721563819
2495000 8.62805172434421
2500000 9.447979669384
2505000 9.42494331553025
2510000 8.93399824794839
2515000 8.07523090808287
2520000 8.12276067051639
2525000 8.94278345338765
2530000 9.73154780299099
2535000 9.43960089148537
2540000 9.26643112719788
2545000 8.75388129397249
2550000 8.22515604147097
2555000 7.95337753819547
2560000 8.38177012277049
2565000 8.98238871392402
2570000 9.15969630734785
2575000 9.03592085110088
2580000 8.89579261468457
2585000 8.31672368577339
2590000 7.93943497730307
2595000 7.84311071349065
2600000 8.2479059331064
2605000 8.15194672891709
2610000 7.91704621055482
2615000 8.18883791468687
2620000 8.92556625264589
2625000 9.03178129398365
2630000 8.50761845296018
2635000 8.26339014721589
2640000 7.47064958766511
2645000 7.55014043599337
2650000 8.75505657788006
2655000 10.459601794362
2660000 10.3383466331081
2665000 9.10373093131199
2670000 7.83232701549872
2675000 7.38862602783814
2680000 7.84962114869311
2685000 9.01571704274339
2690000 9.36617594389096
2695000 9.18938561627284
2700000 8.90719864403663
2705000 8.45465526711548
2710000 8.21813248137167
2715000 8.60141254598203
2720000 8.9490669319602
2725000 9.51383810515193
2730000 9.53053324680885
2735000 8.86663641765291
2740000 8.48031346247086
2745000 8.05465255515405
2750000 8.5565492241639
2755000 9.12344235242228
2760000 9.5418476995527
2765000 9.55634295966237
2770000 8.97635377310212
2775000 8.47216727075808
2780000 8.44241963460519
2785000 8.9445252827104
2790000 9.22813082490131
2795000 8.94750996295187
2800000 8.28208404893033
2805000 7.88480936814167
2810000 8.08464901051924
2815000 8.83382911770774
2820000 8.95140527419684
2825000 8.79583648323194
2830000 8.32414453124788
2835000 8.12461687999389
2840000 8.11951580507579
2845000 8.35113530199092
2850000 8.82264200268791
2855000 9.51387228491997
2860000 9.15930221625921
2865000 8.6166819691284
2870000 8.87427727257983
2875000 9.21219082607968
2880000 8.74037571836862
2885000 8.57610210416541
2890000 8.97164999274818
2895000 9.23109263707179
2900000 9.13112703954112
2905000 8.54860844600554
2910000 8.06628183759881
2915000 8.22160168418802
2920000 8.50445952780592
2925000 8.88686207850056
2930000 8.60185259867266
2935000 8.40677359795931
2940000 8.33702466958984
2945000 8.84235728186351
2950000 9.11925317400459
2955000 9.28590362219205
2960000 9.24383897233171
2965000 8.86660334053624
2970000 8.7457509489743
2975000 8.63271484514022
2980000 8.45387954032631
2985000 8.51519873639916
2990000 8.93746248331283
2995000 8.87900771388044
3000000 8.30769248945136
3005000 7.84435958890795
3010000 8.02002414635753
3015000 8.26102673936948
3020000 8.82612612312538
3025000 8.87428620843062
3030000 8.02224150159882
3035000 7.34878811500861
3040000 7.49278607190791
3045000 8.43318960756905
3050000 9.33776778973656
3055000 9.64770601568259
3060000 9.22078772998389
3065000 8.20844498631665
3070000 7.20883189344015
3075000 6.62688420791775
3080000 7.06786876740428
3085000 8.05816558098552
3090000 9.13988741592784
3095000 9.4165312337516
3100000 8.81136567738833
3105000 7.64665064362525
3110000 6.90121876261066
3115000 7.00553109158019
3120000 7.40934353379518
3125000 8.20362425695604
3130000 8.69671270642782
3135000 8.53570913087349
3140000 8.42188888240823
3145000 7.48286196467815
3150000 6.97310656990076
3155000 7.66470945713022
3160000 8.54535533575553
3165000 9.10260100583662
3170000 8.88712134864263
3175000 8.42677355985311
3180000 7.95092621331401
3185000 7.02246700153849
3190000 7.12002419624939
3195000 7.19108105467289
3200000 7.3602788115225
3205000 7.75097603690956
3210000 8.24164075127207
3215000 8.33134986141524
3220000 8.33541961772462
3225000 7.62327236238026
3230000 7.29734944442101
3235000 7.35099433930345
3240000 7.24814667024092
3245000 7.4745190161574
3250000 7.9234420039252
3255000 8.31701632517138
3260000 7.90794320072996
3265000 7.99379334023476
3270000 7.78909600029084
3275000 7.36265188463987
3280000 7.3019482920468
3285000 8.05133806292993
3290000 8.27990359411264
3295000 7.88001920862179
3300000 7.89003724997404
3305000 7.44974444310533
3310000 7.28613240986927
3315000 7.03861172968482
3320000 6.66835997429715
3325000 6.59408446756719
3330000 6.50548911827452
3335000 6.60282541862518
3340000 6.72959002108744
3345000 6.74264135573683
3350000 7.36903359084382
3355000 7.21847485152527
3360000 6.88520884870084
3365000 7.23249051351002
3370000 8.01648483058266
3375000 8.72568327293278
3380000 8.4592868370835
3385000 8.07962294191313
3390000 7.60456353677639
3395000 6.96420337615894
3400000 6.74963335512886
3405000 7.31469435945397
3410000 7.61779351956184
3415000 8.47483320368684
3420000 8.81833776392775
3425000 8.50844061555243
3430000 7.75792008322698
3435000 7.01088729009378
3440000 6.44907276177584
3445000 6.36375575864965
3450000 6.75720773570797
3455000 7.54197392702299
3460000 7.88759483171876
3465000 7.84477163480691
3470000 7.70240772332571
3475000 7.36851589830801
3480000 7.22537372758105
3485000 7.33269919328555
3490000 7.51915853988685
3495000 8.01991233803736
3500000 8.34032400601018
3505000 8.68449170388806
3510000 8.46121069079562
3515000 7.95570459258588
3520000 7.41771963697457
3525000 6.94265593747706
3530000 7.20631470807856
3535000 7.67210468849472
3540000 7.80249619140836
3545000 7.72131106346542
3550000 7.66975819743277
3555000 7.28546763895493
3560000 6.96939451359346
3565000 6.59827303189438
3570000 6.1560391718534
3575000 5.83433611945669
3580000 6.12068772301627
3585000 6.82885279621022
3590000 7.73502829516013
3595000 7.48988123551947
3600000 6.50791820399619
3605000 5.75140789606849
3610000 5.55550098113263
3615000 5.68208635412357
3620000 6.15748275655859
3625000 6.35128935804313
3630000 6.1217522532955
3635000 6.34128225318836
3640000 6.48028034548411
3645000 7.37519781971319
3650000 8.04883243519961
3655000 7.86310225384554
3660000 7.25854118488245
3665000 6.46850784273116
3670000 5.82236742072094
3675000 6.15658618379773
3680000 7.22162740506686
3685000 8.19661414622011
3690000 8.59891310106626
3695000 7.57915551638119
3700000 6.42910631841489
3705000 5.92114489880857
3710000 5.50976804846179
3715000 5.45402165557608
3720000 5.75228520760251
3725000 6.82332062303237
3730000 6.8612806861661
3735000 6.4209066988559
3740000 6.31141820993239
3745000 6.13684780070008
3750000 6.28562007119172
3755000 5.79838106019459
3760000 5.26009337863682
3765000 5.46453319165336
3770000 5.36294116019147
3775000 4.98106845139601
3780000 5.50225312232381
3785000 6.18034508568284
3790000 6.04123941765729
3795000 6.04856156100036
3800000 5.59004066016934
3805000 5.37226894625099
3810000 5.87417505852668
3815000 6.14169982227412
3820000 6.19649924174447
3825000 5.98651550191553
3830000 5.51668043611257
3835000 5.81281399023093
3840000 5.89269430129733
3845000 6.0787681572085
3850000 6.57082335453946
3855000 6.76207530868879
3860000 6.95014770489203
3865000 6.53471934445844
3870000 6.01466738490492
3875000 5.65660816429652
3880000 5.16786139340976
3885000 5.38186970950126
3890000 5.99306924270945
3895000 6.13961214865899
3900000 5.79571577862408
3905000 5.71025824048793
3910000 5.41916350929834
3915000 5.12327363721743
3920000 5.02239570263759
3925000 5.10829086232511
3930000 5.53332622317889
3935000 6.22712078488499
3940000 6.67447823141847
3945000 6.71812724851992
3950000 6.26907921329028
3955000 6.51738487192784
3960000 6.15647732977425
3965000 5.35816737113435
3970000 4.94138955033873
3975000 4.81402191873216
3980000 5.58156841002573
3985000 5.76656156615573
3990000 5.95561816509426
3995000 5.40285816090468
4000000 5.43676265052192
