# Fix print output for fix mythermofile
2000000 12.3387369082742
2005000 10.9477542573656
2010000 8.25604280961085
2015000 5.87327962327768
2020000 4.7606634621416
2025000 6.50053855245405
2030000 8.58483249727746
2035000 10.0696186022479
2040000 10.0666698707051
2045000 8.50016074145275
2050000 6.68992597766509
2055000 5.94655069693372
2060000 6.09062013295963
2065000 6.95480077448039
2070000 7.92304014250845
2075000 9.01814436693916
2080000 8.94771719317401
2085000 8.39160479360255
2090000 7.6904163624864
2095000 6.85112143525939
2100000 6.15346311017301
2105000 5.72487811596949
2110000 6.59735367779187
2115000 7.61354925926384
2120000 8.27186881098965
2125000 8.78406614839377
2130000 8.20249456565534
2135000 7.24271550617354
2140000 6.48520568960597
2145000 6.2563787530077
2150000 6.69043234563764
2155000 6.68058819223801
2160000 6.41779618192167
2165000 6.93421418339558
2170000 7.71515088198506
2175000 8.23121079904062
2180000 7.74777481977951
2185000 7.27394069525704
2190000 6.75123983389446
2195000 6.75079956127862
2200000 6.88639016923177
2205000 7.20613609534328
2210000 7.8326333490338
2215000 8.28214617380922
2220000 8.03102077421754
2225000 7.61393889134263
2230000 7.25435496218608
2235000 7.43222613472446
2240000 7.3838691822718
2245000 7.35003355203183
2250000 7.23018007120318
2255000 7.76943538395702
2260000 7.98319929527248
2265000 8.32569861446128
2270000 7.70768980538946
2275000 7.13060153405315
2280000 6.58461414430958
2285000 6.29748496067885
2290000 6.86956740004683
2295000 7.57621474913172
2300000 8.3515894561784
2305000 8.349879898517
2310000 8.33309988445065
2315000 7.80408560568032
2320000 7.1504027541691
2325000 6.70865597222037
2330000 6.95896144416922
2335000 7.39655095222928
2340000 7.42492124814953
2345000 7.13222957525295
2350000 6.90602942791629
2355000 6.68452911815511
2360000 6.67449515704557
2365000 6.88669350720907
2370000 6.5155659785764
2375000 6.43747799913331
2380000 6.77454524365257
2385000 6.91881873865644
2390000 7.21469255386215
2395000 7.19550369811523
2400000 7.43812835987896
2405000 7.57800884317929
2410000 7.0649702270487
2415000 6.27644065926128
2420000 6.07511303309601
2425000 7.16380606491969
2430000 7.45129022666634
2435000 7.17539487782191
2440000 6.4112872207703
2445000 6.39587020514624
2450000 7.16671874529862
2455000 7.78509954002849
2460000 7.98313056638495
2465000 7.71557663385643
2470000 7.23120580943192
2475000 7.36642709922111
2480000 6.91336049602404
2485000 6.48556499100073
2490000 6.63672971948072
2495000 6.54197176921288
2500000 7.28774661799424
2505000 8.29961515151328
2510000 8.72479983728342
2515000 8.2795947559552
2520000 7.74010353042063
2525000 7.14090739731513
2530000 6.44153546830262
2535000 6.58438568046075
2540000 7.34006584294665
2545000 8.12344192112889
2550000 8.38933469846567
2555000 8.3282229936282
2560000 7.69527831566096
2565000 7.37290094129963
2570000 7.13652239751961
2575000 6.6553400213671
2580000 6.30437705133611
2585000 6.44265523453556
2590000 7.21477576071805
2595000 7.69441577223357
2600000 8.46458580221429
2605000 8.54587046712258
2610000 7.50326606374506
2615000 6.32624276392573
2620000 6.25907016432099
2625000 6.74240136952577
2630000 7.62479928409905
2635000 8.42459293157425
2640000 8.50072579050811
2645000 8.22418022216852
2650000 7.42004478923785
2655000 6.82702390529438
2660000 6.18215507765758
2665000 5.82397106812918
2670000 5.87739083862475
2675000 6.13071964801372
2680000 6.47265178513215
2685000 6.91703301292894
2690000 7.71173127954794
2695000 7.28305850153264
2700000 5.86514900360341
2705000 5.5925310496219
2710000 6.54248128409677
2715000 8.17135062649055
2720000 8.74607935702252
2725000 8.29990499649825
2730000 7.58852151730573
2735000 7.3322001030564
2740000 6.76611689494853
2745000 5.98851541852557
2750000 5.30549832722446
2755000 5.84215377868285
2760000 6.58519373101134
2765000 7.17617372119503
2770000 7.75684252622577
2775000 7.82498220646238
2780000 7.87863652574594
2785000 7.47652586168578
2790000 7.20015289573552
2795000 6.65733636474225
2800000 6.3648258703211
2805000 6.1283794373932
2810000 6.50964689192277
2815000 5.706643624426
2820000 5.39042371125805
2825000 5.95027320989559
2830000 6.4490994631919
2835000 7.13686349885268
2840000 7.55681476712422
2845000 7.35037719845313
2850000 6.63704149526492
2855000 6.16401965877518
2860000 5.77661181599234
2865000 6.21678548605284
2870000 7.41414730034343
2875000 8.51441865929005
2880000 8.46506068432869
2885000 7.80716397351057
2890000 7.00458880202335
2895000 6.22901383163831
2900000 6.28556700448195
2905000 6.30997239146338
2910000 6.80972141134662
2915000 6.92342174777011
2920000 7.00330871099489
2925000 6.1207606635493
2930000 5.65680246099323
2935000 5.94968449911792
2940000 6.38501178919797
2945000 6.62820847648732
2950000 6.91917806496682
2955000 7.10444686264192
2960000 6.72891173054388
2965000 6.54743163865556
2970000 6.71807892137609
2975000 7.380159133235
2980000 8.58991122212053
2985000 8.93557248711999
2990000 8.28355971293497
2995000 7.51272488610923
3000000 6.92598425376652
3005000 6.5884945545353
3010000 6.24795873492817
3015000 6.10531092790101
3020000 6.35531902618505
3025000 7.27011063296457
3030000 8.10246583165205
3035000 8.35042034027444
3040000 7.9641962601301
3045000 6.91814088787584
3050000 6.47396771629349
3055000 6.08497024520927
3060000 6.06502357029586
3065000 6.90304865048316
3070000 7.39087133967868
3075000 7.51575443497446
3080000 7.71158654664311
3085000 7.27401306643047
3090000 6.77285688507898
3095000 6.22665198240795
3100000 5.55843641297975
3105000 5.26356395049533
3110000 5.37918469752632
3115000 5.6795682186969
3120000 5.57423935108349
3125000 5.49246392364538
3130000 5.64269833629533
3135000 6.18141247860128
3140000 6.42375398254206
3145000 6.91030888550631
3150000 6.82479127019844
3155000 6.86401412212138
3160000 7.08176144090604
3165000 7.02110700475168
3170000 6.47526119620344
3175000 6.13548734200607
3180000 6.50647601986139
3185000 6.72441387252778
3190000 6.88355322567746
3195000 7.31967515663646
3200000 7.89774261589373
3205000 7.81503636845806
3210000 7.44073620064112
3215000 7.02105596663579
3220000 6.04967047839534
3225000 5.5944573865296
3230000 6.25841640042418
3235000 7.21598688513781
3240000 7.43182044453769
3245000 8.23524982292861
3250000 8.56413166865603
3255000 8.13404620071805
3260000 7.17283043712983
3265000 5.9870457018354
3270000 5.12220144504447
3275000 5.05064549231145
3280000 5.79388947440563
3285000 7.23962072307446
3290000 8.2464829910443
3295000 8.61194603758838
3300000 7.95761342574447
3305000 6.52972344697337
3310000 5.48450221860681
3315000 5.01619049743573
3320000 5.44335673606487
3325000 5.36987158917082
3330000 6.35539125403861
3335000 7.12350304133956
3340000 7.45909236828653
3345000 7.40264367358858
3350000 7.14476537826183
3355000 6.62925737498491
3360000 6.42661666238322
3365000 6.20783034985265
3370000 6.54607571587577
3375000 6.87101849456748
3380000 6.81302461289516
3385000 6.40650863155789
3390000 6.14296183656451
3395000 6.55525912222822
3400000 6.82665216042626
3405000 6.60578408748331
3410000 6.67050177407404
3415000 6.17377990826461
3420000 6.29587600563474
3425000 6.68254077518274
3430000 6.69175378778819
3435000 6.51724327007817
3440000 6.00628757542433
3445000 5.68318771309609
3450000 5.33393571774972
3455000 5.26526067356172
3460000 5.204096664961
3465000 4.92925865754117
3470000 5.06168579708131
3475000 5.10546225530137
3480000 5.3049863953059
3485000 6.00936576730742
3490000 6.3781742920318
3495000 6.15791325626612
3500000 5.55745387415444
3505000 5.24937991012342
3510000 4.7789291859906
3515000 4.40259207562513
3520000 4.68371804387783
3525000 5.25285163178057
3530000 4.97735898784212
3535000 4.39413177995955
3540000 4.62161542755901
3545000 5.10705173289256
3550000 5.16393324031617
3555000 4.95590789498156
3560000 5.41684173935696
3565000 5.96637993600151
3570000 6.4844274155538
3575000 6.51180128422924
3580000 5.75999071762278
3585000 5.13671432573772
3590000 4.69924527253419
3595000 4.88575359331188
3600000 4.64685398393661
3605000 4.09754315347271
3610000 4.44295897424644
3615000 4.29037843877464
3620000 4.81239807236168
3625000 5.63275252614751
3630000 6.58361444216424
3635000 7.29270126075952
3640000 7.89665690381073
3645000 7.18615020686634
3650000 6.32488576825427
3655000 5.21505386440717
3660000 3.80140123199765
3665000 3.83570354389185
3670000 4.79964657773904
3675000 5.81467809119781
3680000 6.17261251307283
3685000 6.30473183997439
3690000 6.54116521606863
3695000 7.14647849709061
3700000 6.75296163558228
3705000 6.25830819906073
3710000 5.60081476485816
3715000 4.30553816169862
3720000 3.80190150275854
3725000 3.67671644539037
3730000 5.00323711353467
3735000 5.95964307370995
3740000 6.43901401844141
3745000 6.14710430457678
3750000 6.29429284130694
3755000 6.44599397091464
3760000 5.77105460194685
3765000 4.76893474955031
3770000 3.79729412701369
3775000 3.21316096887281
3780000 4.05361444440012
3785000 4.50740789938353
3790000 5.13887987152559
3795000 6.58210654167211
3800000 7.98856915467859
3805000 8.32048595565606
3810000 7.80239385844944
3815000 7.03365283968695
3820000 5.58190954714351
3825000 4.26087946869745
3830000 3.93634963263097
3835000 3.8391619895893
3840000 4.15073403293264
3845000 4.69112163351444
3850000 5.61856894322153
3855000 6.06633223504276
3860000 6.25975123601462
3865000 5.84471296532253
3870000 4.92211011224293
3875000 4.66860450751201
3880000 4.46976817300851
3885000 4.92314268048313
3890000 4.98832683086765
3895000 5.57022944694594
3900000 6.15749938320829
3905000 6.61259818352798
3910000 6.65832186631869
3915000 5.99704549175643
3920000 5.58489278366669
3925000 4.98500441580616
3930000 4.3479981276166
3935000 3.92785257840604
3940000 3.45641993837967
3945000 4.25839920153413
3950000 4.49541528335931
3955000 4.95142930742853
3960000 5.24926662159634
3965000 5.14275748963441
3970000 4.64975833259899
3975000 4.50817135616026
3980000 4.77954983514861
3985000 4.59207497540566
3990000 4.33299819155139
3995000 3.87989159789982
4000000 4.53404065195794
