# Fix print output for fix mythermofile
2000000 12.3387369082742
2005000 11.1345571145261
2010000 8.1438303241502
2015000 5.53377877384508
2020000 4.67378953116046
2025000 5.35314147356327
2030000 7.18455934874312
2035000 9.36110932733474
2040000 10.3584807533165
2045000 10.0008365105824
2050000 8.30054210271202
2055000 6.44703541131332
2060000 5.20836948394731
2065000 5.56984648835478
2070000 6.20126451352275
2075000 7.02794195487944
2080000 8.32803620569917
2085000 9.01655182925509
2090000 8.66064143196455
2095000 7.86684101147211
2100000 6.73895017421094
2105000 5.38238416164403
2110000 4.73875004821054
2115000 5.04688209096878
2120000 6.01392918707133
2125000 6.81120446648645
2130000 7.64077757037832
2135000 8.25266437929402
2140000 7.94158977955746
2145000 7.00283342331258
2150000 6.13738592395544
2155000 5.95882287948421
2160000 5.57565076024912
2165000 5.74574091594588
2170000 6.59194928616945
2175000 7.46242341464685
2180000 7.9241339299319
2185000 7.99571601030239
2190000 7.54715623260023
2195000 6.7545615085914
2200000 5.93401989391953
2205000 5.06873975579773
2210000 4.40168456540244
2215000 5.53693168544732
2220000 6.49583597150357
2225000 6.79105078122879
2230000 7.29378174866162
2235000 7.61750822559029
2240000 7.40849619651311
2245000 7.22056473061908
2250000 7.22713103611433
2255000 7.47840026379888
2260000 7.29985635728231
2265000 6.83451508961529
2270000 6.43839207618967
2275000 6.42912088100701
2280000 6.56347128863109
2285000 6.39949211190481
2290000 6.46414242075064
2295000 6.88955676255161
2300000 7.34868490975929
2305000 7.65457023539282
2310000 7.24310667126456
2315000 6.53488486047773
2320000 6.5606661567733
2325000 6.48896952429496
2330000 6.73591847090099
2335000 7.03950884741015
2340000 6.93037935395773
2345000 6.99370185541079
2350000 6.95871370146555
2355000 6.8895747735732
2360000 6.99094045480364
2365000 7.18060864855568
2370000 7.58137569423799
2375000 7.38866551330478
2380000 6.47690138017616
2385000 6.19757837943942
2390000 6.42833679890471
2395000 6.60638870973355
2400000 6.95726477493244
2405000 6.76937093023962
2410000 6.49618410538594
2415000 6.3322512470308
2420000 7.01609617563787
2425000 7.82360707155651
2430000 7.93111402107679
2435000 7.70343943090979
2440000 7.83706801997734
2445000 7.39682557751707
2450000 6.52909376418963
2455000 5.58986365988162
2460000 5.77528092283488
2465000 5.59742277172581
2470000 5.23524205886728
2475000 4.92537899290346
2480000 5.51305243031105
2485000 6.17552077589397
2490000 6.6419491342367
2495000 7.07610082806735
2500000 7.06980223350789
2505000 6.26260731772918
2510000 5.34737311339325
2515000 4.41895739155827
2520000 4.08116231539016
2525000 4.93414520648323
2530000 5.94497530335881
2535000 6.27000946415845
2540000 6.63045264127419
2545000 6.79234611004563
2550000 6.73718243287551
2555000 6.67460821045246
2560000 6.57747071368847
2565000 5.6294435306658
2570000 4.90778244124295
2575000 4.58010763121319
2580000 4.85074695556764
2585000 4.79897860445965
2590000 5.34566728998231
2595000 5.52085943235335
2600000 6.46251314230343
2605000 7.51282641307467
2610000 8.0132047100193
2615000 7.58707272755691
2620000 6.82400650384292
2625000 5.79509123248857
2630000 4.97766978103267
2635000 4.9389014194575
2640000 4.8514686545239
2645000 4.73301706588851
2650000 5.28795285190525
2655000 5.65828773851497
2660000 5.30441233656681
2665000 4.71618608964931
2670000 4.21687638917671
2675000 4.23729794481419
2680000 4.36656228323356
2685000 5.24629982182544
2690000 6.33559493790426
2695000 6.83313036177507
2700000 6.48678865890202
2705000 6.40043641487752
2710000 6.46901208511378
2715000 5.57663012417343
2720000 4.88729723581755
2725000 3.96819731163606
2730000 3.95531899750727
2735000 4.34406205662208
2740000 4.18487496064988
2745000 4.42653227824483
2750000 4.58764002795808
2755000 5.01487096461209
2760000 5.40905454933107
2765000 5.34552492819074
2770000 5.41543413180894
2775000 5.50942570336156
2780000 5.63495431186116
2785000 5.93641556869416
2790000 5.54950335542705
2795000 4.80528599022138
2800000 4.11059652936069
2805000 3.6017538438238
2810000 3.65885181839193
2815000 3.98495750929231
2820000 4.62538222568254
2825000 4.86466986995302
2830000 5.15754937581152
2835000 5.8779012102726
2840000 5.9738252278384
2845000 5.86358577355088
2850000 5.78175883838358
2855000 5.40472715745019
2860000 5.03073407714162
2865000 4.93859728079006
2870000 5.12999567222778
2875000 4.51980702485154
2880000 4.34863529798891
2885000 5.19118946408959
2890000 5.51948494546027
2895000 5.07036193895047
2900000 5.79817998682501
2905000 5.33045036588032
2910000 5.40252319025116
2915000 5.84945891966763
2920000 5.76745241129055
2925000 4.78099286402462
2930000 4.57576587847404
2935000 4.63719020391875
2940000 4.268236734304
2945000 4.96687463416451
2950000 5.79599241125165
2955000 6.03243138385578
2960000 6.07731188993152
2965000 6.01164303905599
2970000 6.22255563115563
2975000 5.57529601767927
2980000 4.61766812805048
2985000 4.97105990032213
2990000 6.02329193924277
2995000 5.83742366078026
3000000 5.4181716338259
3005000 5.1420879337493
3010000 5.03750556251993
3015000 5.8751807438971
3020000 5.99701429060929
3025000 6.32668645636501
3030000 6.85103037661218
3035000 6.9420840929568
3040000 6.26237070534972
3045000 5.64501563048534
3050000 5.00256437439576
3055000 4.99442452564176
3060000 5.20705218999962
3065000 5.48132818473478
3070000 5.74101033386542
3075000 6.21705621290937
3080000 6.32901262486331
3085000 6.40966995416549
3090000 6.16209217982155
3095000 6.07469142243191
3100000 6.02054774762737
3105000 6.34895065451399
3110000 6.54216990099219
3115000 6.44791973927927
3120000 6.08975671997299
3125000 6.23151769636732
3130000 5.97770769690598
3135000 5.94514159994156
3140000 6.16082626438711
3145000 6.59089024007753
3150000 7.08685280328009
3155000 6.87463569766563
3160000 6.85571848150889
3165000 6.94034878276199
3170000 7.00129254765463
3175000 6.80596206797789
3180000 6.67008654121531
3185000 6.56448338965025
3190000 6.61094571266951
3195000 6.77477973117068
3200000 6.67285372131297
3205000 6.43222280331477
3210000 6.31567016929054
3215000 6.12600190886807
3220000 5.706002964101
3225000 5.26585220975667
3230000 5.15087304726929
3235000 5.40006655709876
3240000 5.23949223760571
3245000 5.98937913012023
3250000 5.95132570936706
3255000 6.31252331031688
3260000 6.44044947772333
3265000 5.60066650277658
3270000 4.99131469941
3275000 5.1521151629291
3280000 5.16130713315503
3285000 5.41686998090632
3290000 5.55958250178925
3295000 6.1455269753327
3300000 6.74001210391129
3305000 6.79929669071144
3310000 6.45292940790079
3315000 6.09021606401079
3320000 5.53687933915261
3325000 4.65018211554407
3330000 4.53965104117824
3335000 4.35963649133199
3340000 5.36468777449209
3345000 6.75569597072636
3350000 6.97941615787447
3355000 6.43727355693688
3360000 6.15693414116218
3365000 5.91429814214426
3370000 5.68182200308481
3375000 4.90107900781508
3380000 4.08809094645404
3385000 4.34720127887914
3390000 4.35427421058885
3395000 5.3182645787631
3400000 5.96170065630217
3405000 6.61311402665778
3410000 6.44753268049234
3415000 5.78940497363569
3420000 5.48592437814557
3425000 5.53563824274349
3430000 5.00391088850649
3435000 4.39366427265152
3440000 4.12305349185995
3445000 5.19813709522999
3450000 5.76319155386212
3455000 6.47156113056766
3460000 5.64243738305543
3465000 5.46608347778822
3470000 6.1739344962136
3475000 6.07839823365939
3480000 4.89669245721272
3485000 4.78204982993718
3490000 5.05988703806682
3495000 4.86691630174605
3500000 4.7050360801714
3505000 4.76079062486531
3510000 3.77257106579072
3515000 3.89504553737359
3520000 4.71633312406613
3525000 5.21997603525655
3530000 4.40305657633072
3535000 4.82806996594648
3540000 5.50690335911377
3545000 6.73136876612058
3550000 6.74931763273557
3555000 6.06468690691085
3560000 5.64215590041798
3565000 5.48567917644459
3570000 5.31311036187678
3575000 4.97584144317439
3580000 4.27907900795131
3585000 3.7342421106337
3590000 3.93997470127926
3595000 4.01976987758431
3600000 4.64286172000491
3605000 5.02396332131739
3610000 4.35414642215394
3615000 4.41902379909063
3620000 4.89678067381465
3625000 5.41690956756233
3630000 5.87170657346239
3635000 5.83622339145615
3640000 5.68705454904524
3645000 5.45159321914455
3650000 5.20206776850483
3655000 4.82953976529446
3660000 4.20902013543011
3665000 4.52054725881103
3670000 4.2904908269089
3675000 3.85075004407705
3680000 3.843884080953
3685000 4.47974192534658
3690000 4.30839167115512
3695000 3.68921959616803
3700000 4.28165041196556
3705000 4.25052755223439
3710000 5.17383827556784
3715000 6.29219563419102
3720000 6.86441693543549
3725000 6.59400598347402
3730000 6.40139171260262
3735000 5.70762477928059
3740000 4.93697312941641
3745000 4.3985172763424
3750000 3.52770587512353
3755000 3.7219959097468
3760000 4.31823088554685
3765000 4.73770435195707
3770000 5.01448623073548
3775000 4.78277792913795
3780000 5.14567398464664
3785000 5.44127930124391
3790000 5.59020206931091
3795000 6.01371442913588
3800000 6.72937805027958
3805000 6.56182007810101
3810000 6.25063333652142
3815000 5.94623496750579
3820000 5.14579512641686
3825000 4.45606942482181
3830000 4.06386878038328
3835000 4.26834149842687
3840000 4.64637630076831
3845000 4.87912968080571
3850000 4.89740684255108
3855000 4.75913018479448
3860000 3.9331522076367
3865000 4.51201868940803
3870000 4.61975668973261
3875000 4.62368250093763
3880000 4.10227395907975
3885000 4.65024441303455
3890000 4.73336216733052
3895000 5.13538517366787
3900000 5.34504777298759
3905000 5.7407467861192
3910000 5.82917143333491
3915000 5.46419796577674
3920000 5.11538745316979
3925000 4.80128915712285
3930000 4.47478781730392
3935000 4.76675847963335
3940000 4.80081192361021
3945000 5.09965849100436
3950000 5.32874912976922
3955000 5.26046471826404
3960000 4.72934729167056
3965000 4.39396429168385
3970000 4.50508621280045
3975000 4.04363040194271
3980000 3.91830214860397
3985000 4.22463937766736
3990000 4.81967998173238
3995000 5.3623919965171
4000000 5.53997614472892
