# Fix print output for fix mythermofile
2000000 12.3387369082742
2005000 11.8658716844907
2010000 11.3699002457918
2015000 10.8496621667181
2020000 9.70138984402754
2025000 8.7996307074312
2030000 8.43506818681022
2035000 7.99127490204009
2040000 7.92043740855382
2045000 7.97680862943188
2050000 8.0229308158405
2055000 7.676587992904
2060000 7.48770774127307
2065000 7.52647002109903
2070000 7.55600338572827
2075000 7.25593804769747
2080000 7.47099959621501
2085000 7.35949277526301
2090000 7.16790478194474
2095000 6.8076945805765
2100000 7.11394832956554
2105000 6.95509652991255
2110000 7.35453262874407
2115000 7.35253089538813
2120000 7.24240799684981
2125000 7.44422198575599
2130000 7.44769624527779
2135000 7.72837763371245
2140000 6.65306951989725
2145000 5.79610084122526
2150000 5.85495930620204
2155000 6.31113261483759
2160000 6.15775895341832
2165000 5.85510205672712
2170000 5.80146625727391
2175000 5.5983055119853
2180000 5.62304772640494
2185000 6.73722625484066
2190000 7.009949018397
2195000 6.78563330444984
2200000 6.65196780639351
2205000 7.07049630510909
2210000 6.84524925627649
2215000 6.03527909436968
2220000 5.76168388426498
2225000 5.59268424582364
2230000 5.9400963883619
2235000 5.89197779292987
2240000 5.6524738081199
2245000 5.65049136380572
2250000 6.12910457111062
2255000 6.19265471024769
2260000 5.66653388407547
2265000 5.57309354312654
2270000 5.79504771727299
2275000 5.49265500566859
2280000 4.88075896221262
2285000 4.57280012467913
2290000 5.25080449573914
2295000 4.78905211854125
2300000 5.59334517546651
2305000 5.63147161278089
2310000 5.68370839982591
2315000 6.06486974709085
2320000 5.58583366477844
2325000 5.72291998806642
2330000 6.12604526973246
2335000 5.88348192206839
2340000 6.17603129583926
2345000 6.0883824587773
2350000 5.60876822198989
2355000 5.44331143657873
2360000 5.65052981352017
2365000 5.51769846347646
2370000 5.10719881813823
2375000 5.30058544260882
2380000 4.96097601387201
2385000 4.74784782447017
2390000 4.89196461253531
2395000 4.89897453420151
2400000 4.93138461911566
2405000 5.08567676398103
2410000 5.14656908996329
2415000 5.52197290094945
2420000 5.55283730441429
2425000 5.82304421041018
2430000 5.25197282543812
2435000 5.2403416394803
2440000 5.52938619436332
2445000 5.49453802528707
2450000 5.50927337501307
2455000 5.87020731552612
2460000 5.88488512080118
2465000 5.95050044286626
2470000 5.48070529294299
2475000 5.29598768420684
2480000 4.83269952955902
2485000 4.92395354440392
2490000 4.85639196013366
2495000 5.42446117723186
2500000 5.55725021592547
2505000 5.99494191490165
2510000 5.30192343633046
2515000 5.67430355652385
2520000 5.93017848626012
2525000 6.00947663967225
2530000 6.48239465893851
2535000 5.94249961861915
2540000 6.10971395000749
2545000 6.41137754034753
2550000 6.10086217076324
2555000 5.7992816859594
2560000 5.66650309289042
2565000 5.62595006457899
2570000 5.5654920454808
2575000 5.67483492532815
2580000 5.86299247938802
2585000 5.66889283292295
2590000 6.18995396768376
2595000 6.29019768994045
2600000 6.26758392627215
2605000 6.14523364066127
2610000 5.9273632510188
2615000 6.20187344342982
2620000 6.71881599858845
2625000 6.37317004672775
2630000 5.84139564323552
2635000 5.94403905730282
2640000 5.92330613344017
2645000 6.11428037970155
2650000 5.77588245892596
2655000 5.17107483287718
2660000 5.70056187953542
2665000 5.70026556772368
2670000 6.14293311499221
2675000 6.10326381274876
2680000 6.22504916569027
2685000 6.62079378641979
2690000 6.9463454083316
2695000 7.02880342476378
2700000 6.97737373281216
2705000 6.51901100173456
2710000 6.15288268192238
2715000 5.81800524992988
2720000 5.79019833008767
2725000 5.21335281010154
2730000 5.53357175088422
2735000 5.27988925105557
2740000 4.81843770940706
2745000 4.98315255393708
2750000 5.84689497721984
2755000 5.75008104531858
2760000 5.72776642623285
2765000 6.40337679454449
2770000 6.11609673275449
2775000 5.93839076457947
2780000 5.8149442436168
2785000 5.64097894638235
2790000 5.71025041696011
2795000 5.88904860357079
2800000 6.12187705759318
2805000 5.64233997642548
2810000 6.04615365871441
2815000 6.05854759982164
2820000 5.82872986699605
2825000 5.85559124123463
2830000 5.64989998846261
2835000 6.3560674892213
2840000 6.70352278717
2845000 6.89813842153191
2850000 6.99948413881749
2855000 7.30365224583662
2860000 7.29642751658414
2865000 7.64922666953939
2870000 7.46797171365036
2875000 7.00736831757629
2880000 7.43822127966562
2885000 7.46709665227066
2890000 7.89197326726459
2895000 8.15966354687935
2900000 8.22854551234183
2905000 8.3918637584004
2910000 8.4306618156294
2915000 7.67123251875438
2920000 7.47970574429339
2925000 7.45949721857911
2930000 6.74039163084579
2935000 6.60543284174189
2940000 6.33103659584848
2945000 6.31190203167373
2950000 6.3476001394388
2955000 6.61188290019709
2960000 6.88098481667902
2965000 6.99795089552269
2970000 6.42537003939258
2975000 6.18793340908378
2980000 6.25008640640276
2985000 5.99821654274389
2990000 5.48829628230171
2995000 5.24206288658495
3000000 5.32495824294617
3005000 5.10389942941531
3010000 4.78187836754774
3015000 4.93821396734157
3020000 5.16944579553302
3025000 4.341754576462
3030000 4.32029736778814
3035000 4.15232965594365
3040000 4.64957866630838
3045000 4.93871464558329
3050000 5.22885010849065
3055000 4.92998984014635
3060000 4.75176064123078
3065000 5.01769342097417
3070000 4.85719944382372
3075000 4.65295824036738
3080000 4.44398031609912
3085000 4.31989809037802
3090000 4.56602606154744
3095000 4.91468938526789
3100000 4.81464797139476
3105000 4.56834106738186
3110000 4.47498077397503
3115000 4.72665950361292
3120000 4.76265753696425
3125000 4.3287798922423
3130000 4.25374337491223
3135000 4.46562894051031
3140000 4.75225447482694
3145000 5.12778884960604
3150000 5.4881362680178
3155000 5.23435904183628
3160000 5.39845557706697
3165000 5.6833247402524
3170000 5.20641312743074
3175000 5.2101638990401
3180000 5.25379995505429
3185000 5.16794994781703
3190000 5.36076218378633
3195000 5.32275317989335
3200000 5.48553142047428
3205000 5.88266231203645
3210000 5.38042982432542
3215000 5.20329468194629
3220000 5.15287672429147
3225000 5.03023333684383
3230000 5.18496127374479
3235000 4.75779812621383
3240000 5.34221894702429
3245000 4.92443706869598
3250000 5.0883454079783
3255000 4.5542827402796
3260000 4.18073423341846
3265000 4.49569798719736
3270000 5.07037374204834
3275000 5.09730233921159
3280000 5.10035066590097
3285000 5.16150055281455
3290000 4.79943822980235
3295000 4.96739867776745
3300000 5.24795552801886
3305000 5.11350966686858
3310000 5.21964954373393
3315000 5.21539587585253
3320000 5.55145837609068
3325000 5.46578367179589
3330000 5.38768697545845
3335000 5.29501410642608
3340000 5.18453775418486
3345000 4.82596844176112
3350000 5.61915023721651
3355000 5.95042228126344
3360000 5.95651753645635
3365000 6.14809051117844
3370000 5.65714098690828
3375000 5.11653203396699
3380000 4.94565466303598
3385000 5.24600552660916
3390000 5.24382055362124
3395000 5.99853645466836
3400000 6.27869338077311
3405000 5.95675538432191
3410000 5.731910354695
3415000 5.99374386564096
3420000 6.09077624875322
3425000 5.44470091545924
3430000 4.88579067324882
3435000 4.59300911632291
3440000 4.22155991700949
3445000 4.09997653273536
3450000 4.4477271602059
3455000 4.6528082761099
3460000 5.05611074336315
3465000 4.72656485546517
3470000 5.29222936517493
3475000 5.19658422134404
3480000 5.30409367145138
3485000 5.53249779342083
3490000 5.87578238743674
3495000 5.82869899687378
3500000 5.45888159833301
3505000 5.48723188122773
3510000 5.6810443692604
3515000 5.13904117314975
3520000 5.07352888412393
3525000 4.7479804093439
3530000 4.74849929743854
3535000 4.59977033763535
3540000 4.88298011828253
3545000 4.86046612611356
3550000 4.33328274417073
3555000 4.2729253267927
3560000 4.66025916753927
3565000 4.72482239473699
3570000 4.32912265740221
3575000 4.13401371674045
3580000 4.32636099515912
3585000 4.05874688444051
3590000 3.85687599863087
3595000 3.96597422443577
3600000 4.55314408736043
3605000 4.20321539560579
3610000 3.45531418987107
3615000 3.6592991707861
3620000 4.00866890971278
3625000 3.97835755732273
3630000 3.51747438412505
3635000 3.58702967772741
3640000 3.64500513475968
3645000 3.79935525911865
3650000 3.99953766950581
3655000 3.51772709305655
3660000 3.83681650305031
3665000 3.71080049173937
3670000 3.89026135633624
3675000 3.72732057342277
3680000 4.04369535871776
3685000 4.17841231152999
3690000 4.41456622361616
3695000 4.27236287991894
3700000 3.99877281677498
3705000 4.20572559751266
3710000 4.27617304514037
3715000 4.41999843324282
3720000 4.31048500150069
3725000 4.52690589227014
3730000 4.16742903673831
3735000 4.39654993778215
3740000 4.4726135784895
3745000 4.93495784239617
3750000 4.86803626221758
3755000 5.42477047836402
3760000 5.35999326237421
3765000 5.33322068191732
3770000 5.2324638902628
3775000 4.58475718295965
3780000 4.6551879444895
3785000 5.16081182663731
3790000 5.31320199928092
3795000 6.12030497977891
3800000 6.38316141897226
3805000 6.15986310187892
3810000 5.84014945754559
3815000 5.65579861607759
3820000 5.62967169006861
3825000 5.81410485548007
3830000 6.28817147394721
3835000 6.38132261652191
3840000 6.07475272959737
3845000 5.96045633959686
3850000 5.8098029692543
3855000 5.47258100629007
3860000 5.3233553551142
3865000 5.82686056478629
3870000 6.19430692484861
3875000 5.84722445600377
3880000 5.51086076568428
3885000 5.68257884570223
3890000 6.18858500801675
3895000 6.04018458220511
3900000 6.08984220222644
3905000 6.24783309487367
3910000 5.88691721107077
3915000 6.01072745672257
3920000 5.46723342475489
3925000 5.5567243557671
3930000 5.34488496178242
3935000 5.70344036416002
3940000 5.42805396665986
3945000 5.85701323049391
3950000 5.89205049739463
3955000 5.4842800383686
3960000 5.84568074933667
3965000 5.41522681250468
3970000 5.05009179132655
3975000 4.6063893898427
3980000 4.75769501607058
3985000 5.33434758388337
3990000 5.59496620562755
3995000 5.73029007280085
4000000 5.29448561221941
