# Fix print output for fix mythermofile
2000000 12.3387369082742
2005000 12.1182192344928
2010000 11.8317731221486
2015000 11.6384184059683
2020000 11.19601762615
2025000 11.0955703663468
2030000 11.0739012797112
2035000 11.4044665101128
2040000 10.8526361585478
2045000 10.3070013426768
2050000 10.0682594284063
2055000 9.92986769226826
2060000 9.33609915783832
2065000 9.15020187070346
2070000 9.32143219717629
2075000 8.93806179498336
2080000 8.34254460506055
2085000 7.81348885622187
2090000 7.4731288851741
2095000 7.60774527440296
2100000 7.74491558980387
2105000 7.6990616746173
2110000 7.33170609287112
2115000 6.50766125029938
2120000 6.05381570301454
2125000 6.65256590952397
2130000 6.5654626925737
2135000 6.24649237128468
2140000 6.59686564863679
2145000 6.5893415381128
2150000 6.93238852961099
2155000 7.13351366314387
2160000 7.73511852032502
2165000 7.37673296457505
2170000 7.56911592266554
2175000 7.45706190492531
2180000 7.32376484921022
2185000 6.88825580739475
2190000 6.96426474389881
2195000 6.4160708568092
2200000 6.88662146713292
2205000 6.52291832062939
2210000 6.39054154741981
2215000 6.5878792000154
2220000 5.93769668787603
2225000 6.18676573840787
2230000 6.56615889468353
2235000 6.79675941389969
2240000 6.95462929157075
2245000 6.84207079830009
2250000 6.86843257649266
2255000 6.87036443542945
2260000 6.18850807815625
2265000 6.45217147007686
2270000 6.24134262211659
2275000 6.65176192379671
2280000 6.39558864583824
2285000 7.11581590464146
2290000 7.6402231945118
2295000 7.54754727157569
2300000 7.30014056697539
2305000 7.24963535371252
2310000 7.36127133588781
2315000 7.1521778103018
2320000 6.92268669779062
2325000 7.62365648126566
2330000 8.17789150688981
2335000 8.15223639212772
2340000 8.09641396227346
2345000 7.23736773197837
2350000 7.25628770693112
2355000 7.76843950707927
2360000 7.61594410302681
2365000 7.16889986392374
2370000 7.00498353393485
2375000 6.72173191886466
2380000 6.52406712481502
2385000 6.36012757798387
2390000 6.44721811308083
2395000 6.48959970178076
2400000 6.8533537254966
2405000 6.92891139878831
2410000 6.39975144052331
2415000 6.97326618022228
2420000 6.87698818587031
2425000 7.17485943157539
2430000 7.50630393273524
2435000 7.3659224294454
2440000 6.80365107595846
2445000 6.54540982264316
2450000 6.12840825422449
2455000 6.20565297353239
2460000 6.32606613346526
2465000 6.13254218908815
2470000 6.51193693670592
2475000 6.6116337721372
2480000 5.98061153839406
2485000 5.95779639485924
2490000 5.43611031656152
2495000 5.58106370242337
2500000 5.48209721461655
2505000 5.91134521314465
2510000 5.54979495058123
2515000 5.58681885485897
2520000 5.54124027474605
2525000 5.48036538813787
2530000 5.97917149474774
2535000 5.42762392782769
2540000 5.92510415528094
2545000 6.75377295034468
2550000 7.1837136394141
2555000 6.83013945396614
2560000 7.20938661783951
2565000 7.48119991298739
2570000 7.39330176391923
2575000 7.24226028834707
2580000 6.89215260457989
2585000 6.39840286774528
2590000 6.17145710998831
2595000 6.14870263350588
2600000 5.95779024758744
2605000 5.41083590329731
2610000 5.18803229278221
2615000 4.81932683553238
2620000 4.16692519879657
2625000 4.6765553136393
2630000 4.72257573316453
2635000 4.65279924974335
2640000 4.67427243815026
2645000 4.27359642956727
2650000 3.75204505321686
2655000 3.9487307687026
2660000 3.76234004580819
2665000 3.68544756977843
2670000 3.76796112840633
2675000 4.29968024006585
2680000 4.41632206812643
2685000 4.03473192193251
2690000 4.0274967811196
2695000 3.75251400361936
2700000 3.63398842568889
2705000 4.38472237292656
2710000 4.36221029450398
2715000 4.10114448068637
2720000 3.81466788684244
2725000 3.87361951435363
2730000 4.25574828465083
2735000 4.03606869887438
2740000 3.62134348019973
2745000 3.9139293840223
2750000 4.13190109678765
2755000 4.4568225062862
2760000 4.80234304335573
2765000 4.34683040025448
2770000 3.9698390726128
2775000 4.36068670643464
2780000 4.36934491019049
2785000 4.62971245000925
2790000 4.60726280614867
2795000 4.87559283333118
2800000 4.71402394627484
2805000 4.80873432321896
2810000 4.31355442140211
2815000 4.30396932287181
2820000 4.7122265507208
2825000 4.78076356373359
2830000 4.58227647151639
2835000 4.45847171483811
2840000 5.01884115878615
2845000 4.89143395882813
2850000 5.20167252975516
2855000 5.37036871885068
2860000 5.63400178878375
2865000 5.75265047277743
2870000 4.8167157866868
2875000 4.50323130962318
2880000 4.05052877825352
2885000 3.86370603889537
2890000 4.38119998531799
2895000 4.74394843494972
2900000 4.65128882281621
2905000 5.0420429100504
2910000 5.19288436622987
2915000 5.27659502921501
2920000 5.51820263913098
2925000 4.92458653260455
2930000 4.96227431101844
2935000 4.86870346944198
2940000 4.84484970770448
2945000 4.61128174613347
2950000 4.31777787911728
2955000 4.12421191345641
2960000 4.2382634734218
2965000 4.20506346057392
2970000 3.99796393449403
2975000 3.94875023405747
2980000 3.96666051014212
2985000 4.1476733693531
2990000 3.72475902426905
2995000 4.04891830947523
3000000 4.74266387811826
3005000 4.97332512089788
3010000 5.27520819911731
3015000 5.62857415561892
3020000 5.16426778691683
3025000 5.28926385838389
3030000 5.31696370914544
3035000 5.4774300829154
3040000 4.36854974769614
3045000 4.69521315819312
3050000 4.64787366194816
3055000 4.8659106449334
3060000 4.9704485157057
3065000 4.87422697300002
3070000 4.97840134985182
3075000 4.67935128219035
3080000 4.53041522735424
3085000 4.36226295118159
3090000 4.344654651354
3095000 4.44542639044562
3100000 4.41361548469533
3105000 4.56946542215913
3110000 4.72565428615798
3115000 4.64319116473249
3120000 4.33689650825489
3125000 4.0248423252805
3130000 3.99118495893916
3135000 4.28781722739435
3140000 4.66343955632226
3145000 5.21764235486521
3150000 5.0711966882782
3155000 5.14042874362464
3160000 5.65400068692158
3165000 5.39828045871878
3170000 4.53064911966689
3175000 4.79275372085154
3180000 4.97068248885608
3185000 5.68050873389265
3190000 5.56416401671107
3195000 5.27014793245669
3200000 4.94717658031414
3205000 5.34439978117511
3210000 5.35468759870167
3215000 4.96650952956942
3220000 4.38630211861848
3225000 4.55867581867377
3230000 4.84485659825116
3235000 4.88209682249283
3240000 5.44433471831537
3245000 5.82993848628072
3250000 5.45984434557711
3255000 4.87761404991549
3260000 4.67318379146761
3265000 4.46937901074503
3270000 3.84254966433483
3275000 3.50879715202382
3280000 3.89824795093313
3285000 4.03108784898831
3290000 3.7859425758315
3295000 3.91770996756781
3300000 4.09970128849302
3305000 3.82238647162548
3310000 3.7491773306771
3315000 3.85644890815594
3320000 3.96793748654702
3325000 4.14074394698648
3330000 4.30051340998949
3335000 4.43280757311251
3340000 4.25802786637062
3345000 4.52983724026775
3350000 4.63279221773127
3355000 4.71291000146111
3360000 4.49571885287929
3365000 4.21102603023924
3370000 5.05199603816725
3375000 4.99240036784447
3380000 4.99123171271037
3385000 4.976415942601
3390000 5.12947500724418
3395000 5.2515802494275
3400000 5.13874426950976
3405000 5.30490154579053
3410000 4.87932819184832
3415000 5.00395018075544
3420000 4.89193006601212
3425000 4.87245662021172
3430000 4.78217970505993
3435000 5.27427564886806
3440000 4.91577656591764
3445000 5.11000148922638
3450000 5.55927397659095
3455000 5.63312722639389
3460000 5.71543521702324
3465000 6.07380621573808
3470000 6.008255539156
3475000 6.05977480006587
3480000 6.22439248385974
3485000 6.09495156383009
3490000 6.70490763626211
3495000 6.65316475551229
3500000 6.26633255690057
3505000 6.6516630730459
3510000 6.78168930803034
3515000 6.61617404178546
3520000 7.15069274899923
3525000 7.13083875178889
3530000 6.54513545920855
3535000 6.00521595828552
3540000 5.94646967874961
3545000 5.71241077766057
3550000 5.53584388829047
3555000 5.40717606892297
3560000 5.71025039477723
3565000 5.61415958740287
3570000 5.59251378363403
3575000 5.68379653695068
3580000 5.17490095832666
3585000 5.26643004726058
3590000 5.39108617924411
3595000 5.23279259341176
3600000 5.37379483710946
3605000 5.22470473311215
3610000 5.05403371147463
3615000 5.17429633788476
3620000 5.58819305061347
3625000 5.90740398742705
3630000 5.75968934843691
3635000 5.99473315806243
3640000 5.61573675368389
3645000 6.02686296105727
3650000 5.56310986192277
3655000 5.03631849861998
3660000 4.76203848279524
3665000 5.42453327800849
3670000 6.03143382838902
3675000 5.68940127836255
3680000 5.47791792913908
3685000 5.49627030942143
3690000 5.40766093240192
3695000 5.21059069602859
3700000 5.23333741010732
3705000 5.21174020862317
3710000 5.48525501707867
3715000 5.88844862142872
3720000 6.01384050343892
3725000 5.76442444712205
3730000 5.78007279355693
3735000 6.07026727584845
3740000 6.08221593810386
3745000 5.56760111280859
3750000 5.98691941918564
3755000 6.26342587493134
3760000 6.63690428074252
3765000 5.86818143391648
3770000 5.1620592631215
3775000 5.06050627248587
3780000 5.81654099796855
3785000 6.03203337559178
3790000 6.84701146439877
3795000 6.79142561105384
3800000 6.94354477288961
3805000 6.8394346456339
3810000 6.60929634873963
3815000 6.13916778953504
3820000 6.0309392686722
3825000 5.82840791253354
3830000 6.61672359626533
3835000 6.42076616875742
3840000 6.07590168029869
3845000 6.07364953842942
3850000 6.15503456986851
3855000 6.23061177941068
3860000 6.04476293179006
3865000 6.15582559892867
3870000 5.23670513530518
3875000 5.26179235145956
3880000 5.00846776139595
3885000 5.43302801417926
3890000 5.4228894498713
3895000 5.19767936505634
3900000 5.37240959432096
3905000 5.2738238370453
3910000 5.5354883078401
3915000 5.40863375923022
3920000 5.44667111685622
3925000 5.53499699775502
3930000 5.62072577455747
3935000 5.54241806034147
3940000 5.74623256599474
3945000 5.67509507052367
3950000 5.91780069612101
3955000 5.79918590566866
3960000 5.54235002211264
3965000 5.48383501458974
3970000 5.19864413273174
3975000 5.06104961797888
3980000 5.30237385849791
3985000 5.9656371435827
3990000 5.64848598495297
3995000 5.50791150403735
4000000 5.18380633015611
