# tau MSD
0.000000000000000000e+00 0.000000000000000000e+00
1.000000000000000000e+00 1.273107017917691097e+00
2.000000000000000000e+00 2.153600058868599731e+00
3.000000000000000000e+00 2.867295196641176602e+00
4.000000000000000000e+00 3.191940929899363510e+00
5.000000000000000000e+00 3.550684431185167522e+00
6.000000000000000000e+00 3.547018644513891150e+00
7.000000000000000000e+00 3.907951842496592221e+00
8.000000000000000000e+00 4.249896148450636346e+00
9.000000000000000000e+00 4.592067112045985944e+00
1.000000000000000000e+01 4.887132072428269858e+00
1.100000000000000000e+01 5.376905507979496512e+00
1.200000000000000000e+01 6.030658161874615786e+00
1.300000000000000000e+01 5.820033942054367415e+00
1.400000000000000000e+01 6.393712113372827410e+00
1.500000000000000000e+01 6.319538168556229074e+00
1.600000000000000000e+01 6.563520362762389482e+00
1.700000000000000000e+01 6.653084513761150731e+00
1.800000000000000000e+01 7.021961980799889425e+00
1.900000000000000000e+01 7.111188287103312966e+00
2.000000000000000000e+01 7.692339013558716410e+00
2.100000000000000000e+01 7.562065765341028367e+00
2.200000000000000000e+01 8.097443746072912063e+00
2.300000000000000000e+01 8.422759188087523441e+00
2.400000000000000000e+01 8.512428938431256142e+00
2.500000000000000000e+01 8.974783615859163177e+00
2.600000000000000000e+01 8.856413904606021958e+00
2.700000000000000000e+01 8.771446993164998318e+00
2.800000000000000000e+01 9.022208364062187513e+00
2.900000000000000000e+01 9.008174940084035853e+00
3.000000000000000000e+01 9.564203730571005480e+00
3.100000000000000000e+01 9.462007193064556176e+00
3.200000000000000000e+01 9.228679770695558560e+00
3.300000000000000000e+01 9.801588785509879997e+00
3.400000000000000000e+01 1.052188379796280238e+01
3.500000000000000000e+01 1.038681056877019948e+01
3.600000000000000000e+01 1.029951125656366173e+01
3.700000000000000000e+01 1.049866218328650902e+01
3.800000000000000000e+01 1.138782636163504591e+01
3.900000000000000000e+01 1.108071827802810816e+01
4.000000000000000000e+01 1.112394190057146837e+01
4.100000000000000000e+01 1.131366658773112732e+01
4.200000000000000000e+01 1.130344776042981358e+01
4.300000000000000000e+01 1.163205586044124829e+01
4.400000000000000000e+01 1.204679359381994530e+01
4.500000000000000000e+01 1.235363560545006933e+01
4.600000000000000000e+01 1.238847680272647978e+01
4.700000000000000000e+01 1.266528467502376465e+01
4.800000000000000000e+01 1.374473842563334536e+01
4.900000000000000000e+01 1.359255493437375328e+01
5.000000000000000000e+01 1.286574789704932265e+01
5.100000000000000000e+01 1.340946736870960798e+01
5.200000000000000000e+01 1.310993956518286119e+01
5.300000000000000000e+01 1.361021507422976029e+01
5.400000000000000000e+01 1.358198508247977010e+01
5.500000000000000000e+01 1.429010590247223966e+01
5.600000000000000000e+01 1.433316056910371827e+01
5.700000000000000000e+01 1.412743034578252477e+01
5.800000000000000000e+01 1.429704679832472003e+01
5.900000000000000000e+01 1.419152056828441744e+01
6.000000000000000000e+01 1.441406670842209792e+01
6.100000000000000000e+01 1.461593397757937041e+01
6.200000000000000000e+01 1.467146669961481287e+01
6.300000000000000000e+01 1.418103448956356338e+01
6.400000000000000000e+01 1.420126135113023658e+01
6.500000000000000000e+01 1.442644602465313675e+01
6.600000000000000000e+01 1.438097539469639585e+01
6.700000000000000000e+01 1.398457362520473524e+01
6.800000000000000000e+01 1.370035298141498004e+01
6.900000000000000000e+01 1.389144522836795304e+01
7.000000000000000000e+01 1.387054657735675534e+01
7.100000000000000000e+01 1.408615785382110985e+01
7.200000000000000000e+01 1.461929546222546250e+01
7.300000000000000000e+01 1.475571872002166351e+01
7.400000000000000000e+01 1.494921226497255162e+01
7.500000000000000000e+01 1.510543833558402227e+01
7.600000000000000000e+01 1.525111413920259906e+01
7.700000000000000000e+01 1.548012472022944941e+01
7.800000000000000000e+01 1.673909027255897897e+01
7.900000000000000000e+01 1.627412622580942170e+01
8.000000000000000000e+01 1.625369907679860049e+01
8.100000000000000000e+01 1.661235279989469404e+01
8.200000000000000000e+01 1.662404811954328210e+01
8.300000000000000000e+01 1.631570341789406697e+01
8.400000000000000000e+01 1.693222677245076468e+01
8.500000000000000000e+01 1.751886093347266282e+01
8.600000000000000000e+01 1.740104784281625427e+01
8.700000000000000000e+01 1.711849995686915094e+01
8.800000000000000000e+01 1.684505781633651367e+01
8.900000000000000000e+01 1.673679579856155542e+01
9.000000000000000000e+01 1.692764431082913390e+01
9.100000000000000000e+01 1.682152937029229278e+01
9.200000000000000000e+01 1.687563449518951231e+01
9.300000000000000000e+01 1.734741443773557634e+01
9.400000000000000000e+01 1.765556324912412478e+01
9.500000000000000000e+01 1.813630230232541507e+01
9.600000000000000000e+01 1.821852221150645335e+01
9.700000000000000000e+01 1.842408407026365325e+01
9.800000000000000000e+01 1.875407712720497599e+01
9.900000000000000000e+01 1.942380239731656744e+01
1.000000000000000000e+02 1.984773921867999391e+01
1.010000000000000000e+02 1.968339005333337965e+01
1.020000000000000000e+02 1.970283451934897556e+01
1.030000000000000000e+02 2.015133820338906290e+01
1.040000000000000000e+02 1.955174539283076030e+01
1.050000000000000000e+02 1.952756937900479528e+01
1.060000000000000000e+02 1.982108384614363317e+01
1.070000000000000000e+02 1.936996247504187707e+01
1.080000000000000000e+02 1.985645521660348578e+01
1.090000000000000000e+02 1.997564834454560057e+01
1.100000000000000000e+02 1.950610936538565099e+01
1.110000000000000000e+02 1.989469118676682058e+01
1.120000000000000000e+02 1.974944832713550724e+01
1.130000000000000000e+02 1.989476317274157324e+01
1.140000000000000000e+02 2.045947031494941726e+01
1.150000000000000000e+02 2.114996592456444446e+01
1.160000000000000000e+02 2.091529172866200881e+01
1.170000000000000000e+02 2.117318332067953079e+01
1.180000000000000000e+02 2.093380127226218690e+01
1.190000000000000000e+02 2.041336159249985016e+01
1.200000000000000000e+02 1.981967769479784636e+01
1.210000000000000000e+02 1.988673141953681522e+01
1.220000000000000000e+02 2.004039610932293769e+01
1.230000000000000000e+02 2.064157213058161133e+01
1.240000000000000000e+02 2.020876159642797631e+01
1.250000000000000000e+02 2.014759133593819129e+01
1.260000000000000000e+02 1.998230062564627474e+01
1.270000000000000000e+02 2.061054793099258120e+01
1.280000000000000000e+02 2.027691057144977549e+01
1.290000000000000000e+02 2.153283829408369954e+01
1.300000000000000000e+02 2.108441665965148815e+01
1.310000000000000000e+02 2.124331101313170223e+01
1.320000000000000000e+02 2.082099415137819065e+01
1.330000000000000000e+02 2.086986259286901202e+01
1.340000000000000000e+02 2.130665711851912292e+01
1.350000000000000000e+02 2.175205098664624614e+01
1.360000000000000000e+02 2.163129711292593171e+01
1.370000000000000000e+02 2.229741326922956901e+01
1.380000000000000000e+02 2.208662782477399134e+01
1.390000000000000000e+02 2.218727776696357878e+01
1.400000000000000000e+02 2.202503749818050238e+01
1.410000000000000000e+02 2.167803608512978997e+01
1.420000000000000000e+02 2.249878969637985904e+01
1.430000000000000000e+02 2.271616995783527670e+01
1.440000000000000000e+02 2.308668417498380165e+01
1.450000000000000000e+02 2.305749354535893758e+01
1.460000000000000000e+02 2.368951516656604994e+01
1.470000000000000000e+02 2.329198333913740626e+01
1.480000000000000000e+02 2.385054819307999452e+01
1.490000000000000000e+02 2.338354674552570245e+01
1.500000000000000000e+02 2.399266810934423333e+01
1.510000000000000000e+02 2.376662475454471135e+01
1.520000000000000000e+02 2.348027722634170544e+01
1.530000000000000000e+02 2.365218501523607486e+01
1.540000000000000000e+02 2.342653228222755502e+01
1.550000000000000000e+02 2.331655983444943558e+01
1.560000000000000000e+02 2.449591543152164519e+01
1.570000000000000000e+02 2.334077551845085097e+01
1.580000000000000000e+02 2.375753402739455566e+01
1.590000000000000000e+02 2.477762730097346378e+01
1.600000000000000000e+02 2.477270768379094434e+01
1.610000000000000000e+02 2.501029348398007102e+01
1.620000000000000000e+02 2.581018478294304330e+01
1.630000000000000000e+02 2.568663581722738343e+01
1.640000000000000000e+02 2.567007985058703312e+01
1.650000000000000000e+02 2.525118918053217598e+01
1.660000000000000000e+02 2.620598517403872307e+01
1.670000000000000000e+02 2.657066008052577999e+01
1.680000000000000000e+02 2.621653431776941190e+01
1.690000000000000000e+02 2.650528135919685013e+01
1.700000000000000000e+02 2.685207375110222117e+01
1.710000000000000000e+02 2.661268136348623514e+01
1.720000000000000000e+02 2.556363994957167662e+01
1.730000000000000000e+02 2.589845871985354009e+01
1.740000000000000000e+02 2.558163354136185674e+01
1.750000000000000000e+02 2.545169692729484368e+01
1.760000000000000000e+02 2.561908695536777714e+01
1.770000000000000000e+02 2.607462362451394000e+01
1.780000000000000000e+02 2.513320437134314744e+01
1.790000000000000000e+02 2.578514264885096807e+01
1.800000000000000000e+02 2.663374773721575295e+01
1.810000000000000000e+02 2.647461896657375746e+01
1.820000000000000000e+02 2.656416166714359406e+01
1.830000000000000000e+02 2.664419531217781056e+01
1.840000000000000000e+02 2.720413991738141135e+01
1.850000000000000000e+02 2.693537444766409195e+01
1.860000000000000000e+02 2.786056381109713698e+01
1.870000000000000000e+02 2.756512092125586832e+01
1.880000000000000000e+02 2.784489096361462401e+01
1.890000000000000000e+02 2.666444052020834476e+01
1.900000000000000000e+02 2.712301689069100163e+01
1.910000000000000000e+02 2.765160203760385116e+01
1.920000000000000000e+02 2.750746424209164331e+01
1.930000000000000000e+02 2.778172357112143587e+01
1.940000000000000000e+02 2.774184439082194231e+01
1.950000000000000000e+02 2.841368708363888729e+01
1.960000000000000000e+02 2.727899248471608473e+01
1.970000000000000000e+02 2.652191987295595155e+01
1.980000000000000000e+02 2.645038078903743894e+01
1.990000000000000000e+02 2.688687604794570163e+01
2.000000000000000000e+02 2.674905484039857129e+01
2.010000000000000000e+02 2.766837373475159723e+01
2.020000000000000000e+02 2.776461050722592105e+01
2.030000000000000000e+02 2.779644123170568548e+01
2.040000000000000000e+02 2.771252770670033883e+01
2.050000000000000000e+02 2.672551086361010775e+01
2.060000000000000000e+02 2.676290654989695028e+01
2.070000000000000000e+02 2.739020549573856300e+01
2.080000000000000000e+02 2.707426707101307173e+01
2.090000000000000000e+02 2.807940961389333268e+01
2.100000000000000000e+02 2.790322181665780477e+01
2.110000000000000000e+02 2.688547401244252910e+01
2.120000000000000000e+02 2.712755131857790047e+01
2.130000000000000000e+02 2.743554666431858280e+01
2.140000000000000000e+02 2.795467669766946983e+01
2.150000000000000000e+02 2.861675190157267679e+01
2.160000000000000000e+02 2.864888326834594068e+01
2.170000000000000000e+02 2.860415524411797250e+01
2.180000000000000000e+02 2.905288850762874375e+01
2.190000000000000000e+02 2.862079963613508937e+01
2.200000000000000000e+02 2.900328917111641047e+01
2.210000000000000000e+02 2.952208248272323132e+01
2.220000000000000000e+02 2.963500191338049561e+01
2.230000000000000000e+02 2.985066086920100403e+01
2.240000000000000000e+02 2.984808815823651429e+01
2.250000000000000000e+02 3.058693765196622749e+01
2.260000000000000000e+02 3.097936998779753281e+01
2.270000000000000000e+02 3.141246585098160793e+01
2.280000000000000000e+02 3.097746812241384617e+01
2.290000000000000000e+02 3.067631843875949826e+01
2.300000000000000000e+02 3.098506707287849338e+01
2.310000000000000000e+02 3.098143780880096898e+01
2.320000000000000000e+02 3.043789178112430349e+01
2.330000000000000000e+02 3.038187036571672550e+01
2.340000000000000000e+02 3.036954007255006616e+01
2.350000000000000000e+02 3.127996239057319983e+01
2.360000000000000000e+02 3.171154179362330439e+01
2.370000000000000000e+02 3.179433796493064079e+01
2.380000000000000000e+02 3.276397500443394506e+01
2.390000000000000000e+02 3.235391555181460888e+01
2.400000000000000000e+02 3.209834179754421513e+01
2.410000000000000000e+02 3.177611275347609165e+01
2.420000000000000000e+02 3.220917789046153246e+01
2.430000000000000000e+02 3.287231515289122541e+01
2.440000000000000000e+02 3.373124372102604696e+01
2.450000000000000000e+02 3.367595197987606070e+01
2.460000000000000000e+02 3.244374672159125339e+01
2.470000000000000000e+02 3.280398181381904266e+01
2.480000000000000000e+02 3.326906746288852190e+01
2.490000000000000000e+02 3.308602333851101918e+01
2.500000000000000000e+02 3.336841697369826676e+01
2.510000000000000000e+02 3.352131583065393272e+01
2.520000000000000000e+02 3.310987127455775436e+01
2.530000000000000000e+02 3.346712107175511619e+01
2.540000000000000000e+02 3.445180777621717993e+01
2.550000000000000000e+02 3.501342219188057925e+01
2.560000000000000000e+02 3.484731512419048727e+01
2.570000000000000000e+02 3.433858872299896348e+01
2.580000000000000000e+02 3.444558854724593999e+01
2.590000000000000000e+02 3.430377608006524071e+01
2.600000000000000000e+02 3.397098358218320868e+01
2.610000000000000000e+02 3.509803410251467426e+01
2.620000000000000000e+02 3.533845475803694569e+01
2.630000000000000000e+02 3.480172593113849899e+01
2.640000000000000000e+02 3.492121635515912459e+01
2.650000000000000000e+02 3.499997159852208028e+01
2.660000000000000000e+02 3.500276115649369046e+01
2.670000000000000000e+02 3.471392693702521370e+01
2.680000000000000000e+02 3.518091733001629962e+01
2.690000000000000000e+02 3.411943004261190282e+01
2.700000000000000000e+02 3.489983100513966008e+01
2.710000000000000000e+02 3.590951325798631188e+01
2.720000000000000000e+02 3.535855482822347540e+01
2.730000000000000000e+02 3.482242064175074603e+01
2.740000000000000000e+02 3.416888425945825958e+01
2.750000000000000000e+02 3.438854135756020014e+01
2.760000000000000000e+02 3.475739860201129261e+01
2.770000000000000000e+02 3.586116607568961712e+01
2.780000000000000000e+02 3.580533901353975068e+01
2.790000000000000000e+02 3.549293641745521910e+01
2.800000000000000000e+02 3.431723736860693919e+01
2.810000000000000000e+02 3.477747912000807418e+01
2.820000000000000000e+02 3.423118018598177770e+01
2.830000000000000000e+02 3.505702367878265591e+01
2.840000000000000000e+02 3.592319991167214965e+01
2.850000000000000000e+02 3.542666892936652090e+01
2.860000000000000000e+02 3.613846722310466930e+01
2.870000000000000000e+02 3.602142119371400497e+01
2.880000000000000000e+02 3.615816829356371898e+01
2.890000000000000000e+02 3.637430086135447027e+01
2.900000000000000000e+02 3.576977050868240582e+01
2.910000000000000000e+02 3.493329187136270519e+01
2.920000000000000000e+02 3.453610887339596758e+01
2.930000000000000000e+02 3.467983822303168040e+01
2.940000000000000000e+02 3.491494579743489624e+01
2.950000000000000000e+02 3.468248288710972105e+01
2.960000000000000000e+02 3.515103838749542575e+01
2.970000000000000000e+02 3.523174597974961131e+01
2.980000000000000000e+02 3.576248358442982322e+01
2.990000000000000000e+02 3.604698174187756621e+01
3.000000000000000000e+02 3.593117829277196051e+01
3.010000000000000000e+02 3.628344575662787719e+01
3.020000000000000000e+02 3.561805349211434191e+01
3.030000000000000000e+02 3.605867547320851685e+01
3.040000000000000000e+02 3.578156363680341201e+01
3.050000000000000000e+02 3.610028299072961033e+01
3.060000000000000000e+02 3.684302071537267409e+01
3.070000000000000000e+02 3.776487682023596193e+01
3.080000000000000000e+02 3.770135235419790121e+01
3.090000000000000000e+02 3.713285539324565576e+01
3.100000000000000000e+02 3.762471672969059711e+01
3.110000000000000000e+02 3.665468123804205192e+01
3.120000000000000000e+02 3.613598550813555477e+01
3.130000000000000000e+02 3.609379133169952070e+01
3.140000000000000000e+02 3.717824033308824738e+01
3.150000000000000000e+02 3.782823980365625971e+01
3.160000000000000000e+02 3.836449963801930352e+01
3.170000000000000000e+02 3.826720595496851018e+01
3.180000000000000000e+02 3.775023629248387635e+01
3.190000000000000000e+02 3.843102123926581726e+01
3.200000000000000000e+02 3.821966001705434479e+01
3.210000000000000000e+02 3.805224060566064281e+01
3.220000000000000000e+02 3.863347733407489670e+01
3.230000000000000000e+02 3.859361424864249557e+01
3.240000000000000000e+02 3.824458487406634077e+01
3.250000000000000000e+02 3.886198242476594089e+01
3.260000000000000000e+02 3.946765971738664547e+01
3.270000000000000000e+02 3.899767140744241090e+01
3.280000000000000000e+02 3.967683057062252772e+01
3.290000000000000000e+02 3.981906185880075810e+01
3.300000000000000000e+02 3.952993781557025699e+01
3.310000000000000000e+02 4.009709896217208325e+01
3.320000000000000000e+02 4.019708353037712811e+01
3.330000000000000000e+02 4.067026860351086270e+01
3.340000000000000000e+02 4.039728468869871136e+01
3.350000000000000000e+02 4.118685469631608953e+01
3.360000000000000000e+02 4.057529738575109235e+01
3.370000000000000000e+02 4.066717555342210488e+01
3.380000000000000000e+02 4.067549824753373855e+01
3.390000000000000000e+02 4.146143481743578718e+01
3.400000000000000000e+02 4.082914487031525397e+01
3.410000000000000000e+02 4.163012669323166648e+01
3.420000000000000000e+02 4.061829566285118176e+01
3.430000000000000000e+02 4.168219925610829080e+01
3.440000000000000000e+02 4.160222792579395446e+01
3.450000000000000000e+02 4.130490539755520984e+01
3.460000000000000000e+02 4.174138501188226513e+01
3.470000000000000000e+02 4.142935997397291459e+01
3.480000000000000000e+02 4.095305874560084902e+01
3.490000000000000000e+02 4.078472107480848763e+01
3.500000000000000000e+02 4.106854888751488630e+01
3.510000000000000000e+02 4.021517913664951038e+01
3.520000000000000000e+02 4.013431973568921052e+01
3.530000000000000000e+02 4.026738642978240534e+01
3.540000000000000000e+02 4.076900627171494307e+01
3.550000000000000000e+02 4.037264344473481970e+01
3.560000000000000000e+02 3.946117682847582131e+01
3.570000000000000000e+02 3.930979529566137387e+01
3.580000000000000000e+02 4.016921801675270842e+01
3.590000000000000000e+02 4.014320461517176852e+01
3.600000000000000000e+02 4.121777480737155486e+01
3.610000000000000000e+02 4.013713425047169636e+01
3.620000000000000000e+02 4.071827697966103443e+01
3.630000000000000000e+02 4.088380941116454892e+01
3.640000000000000000e+02 4.150473229879568038e+01
3.650000000000000000e+02 4.210635494217976316e+01
3.660000000000000000e+02 4.227774905217104617e+01
3.670000000000000000e+02 4.179126091812003096e+01
3.680000000000000000e+02 4.187506995835968127e+01
3.690000000000000000e+02 4.241091650233956045e+01
3.700000000000000000e+02 4.396762923512711296e+01
3.710000000000000000e+02 4.375963736936930104e+01
3.720000000000000000e+02 4.370560906068561735e+01
3.730000000000000000e+02 4.393718741481048795e+01
3.740000000000000000e+02 4.467812229277949854e+01
3.750000000000000000e+02 4.567718681560199911e+01
3.760000000000000000e+02 4.531510015453889650e+01
3.770000000000000000e+02 4.527806502751603546e+01
3.780000000000000000e+02 4.459031083173324816e+01
3.790000000000000000e+02 4.487854536285709628e+01
3.800000000000000000e+02 4.516426814787480737e+01
3.810000000000000000e+02 4.515159428129744867e+01
3.820000000000000000e+02 4.581940998783890251e+01
3.830000000000000000e+02 4.682668706023351746e+01
3.840000000000000000e+02 4.722316823129592223e+01
3.850000000000000000e+02 4.650588645676216260e+01
3.860000000000000000e+02 4.687589144137164254e+01
3.870000000000000000e+02 4.656746634205710222e+01
3.880000000000000000e+02 4.680545829977035766e+01
3.890000000000000000e+02 4.658171587546814152e+01
3.900000000000000000e+02 4.710887427531753247e+01
3.910000000000000000e+02 4.727189963324173760e+01
3.920000000000000000e+02 4.753599173445794435e+01
3.930000000000000000e+02 4.783469507587075498e+01
3.940000000000000000e+02 4.740877878787674149e+01
3.950000000000000000e+02 4.748316368852748326e+01
3.960000000000000000e+02 4.763401209533264336e+01
3.970000000000000000e+02 4.809658189158855635e+01
3.980000000000000000e+02 4.886023102724077205e+01
3.990000000000000000e+02 4.832360943726347813e+01
4.000000000000000000e+02 4.797185321788825973e+01
4.010000000000000000e+02 4.918270951815555492e+01
4.020000000000000000e+02 4.940047861055798251e+01
4.030000000000000000e+02 4.844167754471596510e+01
4.040000000000000000e+02 4.881005779089340990e+01
4.050000000000000000e+02 4.931399802893292161e+01
4.060000000000000000e+02 4.901235691095281766e+01
4.070000000000000000e+02 4.948252633220178609e+01
4.080000000000000000e+02 4.950865663219394008e+01
4.090000000000000000e+02 5.021567147303906609e+01
4.100000000000000000e+02 5.023480270947050741e+01
4.110000000000000000e+02 5.100946016656239124e+01
4.120000000000000000e+02 5.155656622940355760e+01
4.130000000000000000e+02 5.224540195934803677e+01
4.140000000000000000e+02 5.292335715290221998e+01
4.150000000000000000e+02 5.276289240478741505e+01
4.160000000000000000e+02 5.305215784379922894e+01
4.170000000000000000e+02 5.449484886468830069e+01
4.180000000000000000e+02 5.597826165484182326e+01
4.190000000000000000e+02 5.655548473592781988e+01
4.200000000000000000e+02 5.576235278283948560e+01
4.210000000000000000e+02 5.508676201699113051e+01
4.220000000000000000e+02 5.495033704862668600e+01
4.230000000000000000e+02 5.448807708193869104e+01
4.240000000000000000e+02 5.526321412292669066e+01
4.250000000000000000e+02 5.575605843102594861e+01
4.260000000000000000e+02 5.630980886133112051e+01
4.270000000000000000e+02 5.718999159945745703e+01
4.280000000000000000e+02 5.692825276776203935e+01
4.290000000000000000e+02 5.763994750637733233e+01
4.300000000000000000e+02 5.877199850634077904e+01
4.310000000000000000e+02 5.813880643500206702e+01
4.320000000000000000e+02 5.945702161750386239e+01
4.330000000000000000e+02 5.932720313040520210e+01
4.340000000000000000e+02 5.955491298400785638e+01
4.350000000000000000e+02 5.908004594311832847e+01
4.360000000000000000e+02 5.972622711169264420e+01
4.370000000000000000e+02 5.897340452201397198e+01
4.380000000000000000e+02 5.902080025294367260e+01
4.390000000000000000e+02 6.009042263705877218e+01
4.400000000000000000e+02 6.109902975891522914e+01
4.410000000000000000e+02 6.202538502078962068e+01
4.420000000000000000e+02 6.241524834306099478e+01
4.430000000000000000e+02 6.323526769967393335e+01
4.440000000000000000e+02 6.295585605400413698e+01
4.450000000000000000e+02 6.377602081024520686e+01
4.460000000000000000e+02 6.354994146503355523e+01
4.470000000000000000e+02 6.418615680662136924e+01
4.480000000000000000e+02 6.371483446513493476e+01
4.490000000000000000e+02 6.493835904665182568e+01
4.500000000000000000e+02 6.550820952667207564e+01
4.510000000000000000e+02 6.424075957325212016e+01
4.520000000000000000e+02 6.601665348909494924e+01
4.530000000000000000e+02 6.758112894911513990e+01
4.540000000000000000e+02 6.732135662636315487e+01
4.550000000000000000e+02 6.618022349532931514e+01
4.560000000000000000e+02 6.661017414123975300e+01
4.570000000000000000e+02 6.802350589677315895e+01
4.580000000000000000e+02 6.888210478953152460e+01
4.590000000000000000e+02 6.949184170196231491e+01
4.600000000000000000e+02 7.080394699743710873e+01
4.610000000000000000e+02 7.052353510746451093e+01
4.620000000000000000e+02 7.084314023034271202e+01
4.630000000000000000e+02 7.164355133959746524e+01
4.640000000000000000e+02 7.295348281228740461e+01
4.650000000000000000e+02 7.255645339496173563e+01
4.660000000000000000e+02 7.322324219862302641e+01
4.670000000000000000e+02 7.418370740030670163e+01
4.680000000000000000e+02 7.279487355450481800e+01
4.690000000000000000e+02 7.362162775277907656e+01
4.700000000000000000e+02 7.407842107861888792e+01
4.710000000000000000e+02 7.575039292935831270e+01
4.720000000000000000e+02 7.712517498708012909e+01
4.730000000000000000e+02 7.619194801995797661e+01
4.740000000000000000e+02 7.593574644430094622e+01
4.750000000000000000e+02 7.631953289952102182e+01
4.760000000000000000e+02 7.856916753773482753e+01
4.770000000000000000e+02 7.849537346983780139e+01
4.780000000000000000e+02 7.760458266108325631e+01
4.790000000000000000e+02 7.784930710413095767e+01
4.800000000000000000e+02 7.817641031181787525e+01
4.810000000000000000e+02 7.923673365310165195e+01
4.820000000000000000e+02 7.954731335209916665e+01
4.830000000000000000e+02 7.801628975703168578e+01
4.840000000000000000e+02 7.889332428140191666e+01
4.850000000000000000e+02 8.065891202428443307e+01
4.860000000000000000e+02 8.145925914940994517e+01
4.870000000000000000e+02 8.079782956324406484e+01
4.880000000000000000e+02 8.140031953736631465e+01
4.890000000000000000e+02 8.254644664854743041e+01
4.900000000000000000e+02 8.399229042388685684e+01
4.910000000000000000e+02 8.613563594115603905e+01
4.920000000000000000e+02 8.658591634395544645e+01
4.930000000000000000e+02 8.531934068339189992e+01
4.940000000000000000e+02 8.661677905564171454e+01
4.950000000000000000e+02 8.599598409094015494e+01
4.960000000000000000e+02 8.565338888209534218e+01
4.970000000000000000e+02 8.586480655525046757e+01
4.980000000000000000e+02 8.596883836806092916e+01
4.990000000000000000e+02 8.730069167076234748e+01
5.000000000000000000e+02 8.633603094009707490e+01
5.010000000000000000e+02 8.760766017344781176e+01
5.020000000000000000e+02 8.805956877596095467e+01
5.030000000000000000e+02 8.874205944894012532e+01
5.040000000000000000e+02 8.830085456037656400e+01
5.050000000000000000e+02 8.950719993571811983e+01
5.060000000000000000e+02 9.044241697983161998e+01
5.070000000000000000e+02 9.031311434457454368e+01
5.080000000000000000e+02 8.949410100344672969e+01
5.090000000000000000e+02 9.006823987709309165e+01
5.100000000000000000e+02 9.141158330371030161e+01
5.110000000000000000e+02 9.161275264355346337e+01
5.120000000000000000e+02 9.185633749772773626e+01
5.130000000000000000e+02 9.312627298146031762e+01
5.140000000000000000e+02 9.352105464947975122e+01
5.150000000000000000e+02 9.371704266609573608e+01
5.160000000000000000e+02 9.463790064476489761e+01
5.170000000000000000e+02 9.488613369234172978e+01
5.180000000000000000e+02 9.458866213994625127e+01
5.190000000000000000e+02 9.448811162111985595e+01
5.200000000000000000e+02 9.521701145403825706e+01
5.210000000000000000e+02 9.517770199989641355e+01
5.220000000000000000e+02 9.315840422286186140e+01
5.230000000000000000e+02 9.385080890905568651e+01
5.240000000000000000e+02 9.489584782805614793e+01
5.250000000000000000e+02 9.398076650908315344e+01
5.260000000000000000e+02 9.612483550991672132e+01
5.270000000000000000e+02 9.677550085791895640e+01
5.280000000000000000e+02 9.698316840386061699e+01
5.290000000000000000e+02 9.725231835401694980e+01
5.300000000000000000e+02 9.632021525677248519e+01
5.310000000000000000e+02 9.507488911635802253e+01
5.320000000000000000e+02 9.571930679465354785e+01
5.330000000000000000e+02 9.691757561238034668e+01
5.340000000000000000e+02 9.698271371989723377e+01
5.350000000000000000e+02 9.903572749513688223e+01
5.360000000000000000e+02 9.743480873731486724e+01
5.370000000000000000e+02 9.890122143496881790e+01
5.380000000000000000e+02 9.883282515115760702e+01
5.390000000000000000e+02 9.965172163524292159e+01
5.400000000000000000e+02 1.010147237420833761e+02
5.410000000000000000e+02 1.012020146118921247e+02
5.420000000000000000e+02 1.014928919419815543e+02
5.430000000000000000e+02 1.026104876868710107e+02
5.440000000000000000e+02 1.027173858722812412e+02
5.450000000000000000e+02 1.027972968170359422e+02
5.460000000000000000e+02 1.039005343678313409e+02
5.470000000000000000e+02 1.032574691802066127e+02
5.480000000000000000e+02 1.032898504658284082e+02
5.490000000000000000e+02 1.042182708675438789e+02
5.500000000000000000e+02 1.049355073389993720e+02
5.510000000000000000e+02 1.043032022469525515e+02
5.520000000000000000e+02 1.037218748854476473e+02
5.530000000000000000e+02 1.047750632147962051e+02
5.540000000000000000e+02 1.047632866198038215e+02
5.550000000000000000e+02 1.065126905968131155e+02
5.560000000000000000e+02 1.074176326018351517e+02
5.570000000000000000e+02 1.088635272239440468e+02
5.580000000000000000e+02 1.088615279809586127e+02
5.590000000000000000e+02 1.095304832417123890e+02
5.600000000000000000e+02 1.117221164573606131e+02
5.610000000000000000e+02 1.111733497583674506e+02
5.620000000000000000e+02 1.111205798333982955e+02
5.630000000000000000e+02 1.117975037947367838e+02
5.640000000000000000e+02 1.128794375218226094e+02
5.650000000000000000e+02 1.127475150095342542e+02
5.660000000000000000e+02 1.121234353152041621e+02
5.670000000000000000e+02 1.120673346219150943e+02
5.680000000000000000e+02 1.138283590275503627e+02
5.690000000000000000e+02 1.131208926143913942e+02
5.700000000000000000e+02 1.138425740678779192e+02
5.710000000000000000e+02 1.145834836558217233e+02
5.720000000000000000e+02 1.132114743108348875e+02
5.730000000000000000e+02 1.147318236402488623e+02
5.740000000000000000e+02 1.159742258488335409e+02
5.750000000000000000e+02 1.156595215048596117e+02
5.760000000000000000e+02 1.147424337208299505e+02
5.770000000000000000e+02 1.141333274662002424e+02
5.780000000000000000e+02 1.116663241479753879e+02
5.790000000000000000e+02 1.140743681549097914e+02
5.800000000000000000e+02 1.149678426916250942e+02
5.810000000000000000e+02 1.173453772086315610e+02
5.820000000000000000e+02 1.176058583876624368e+02
5.830000000000000000e+02 1.149141700834185400e+02
5.840000000000000000e+02 1.154847304757035289e+02
5.850000000000000000e+02 1.158444646366251334e+02
5.860000000000000000e+02 1.187534826928667542e+02
5.870000000000000000e+02 1.191456399390219758e+02
5.880000000000000000e+02 1.198856267631817616e+02
5.890000000000000000e+02 1.181656370753217828e+02
5.900000000000000000e+02 1.177774140360984774e+02
5.910000000000000000e+02 1.184007349909194176e+02
5.920000000000000000e+02 1.194818526461706085e+02
5.930000000000000000e+02 1.202609701139932241e+02
5.940000000000000000e+02 1.208271362752874865e+02
5.950000000000000000e+02 1.221474463216266884e+02
5.960000000000000000e+02 1.220294002271540563e+02
5.970000000000000000e+02 1.230883054209939758e+02
5.980000000000000000e+02 1.223074696117303120e+02
5.990000000000000000e+02 1.220110545085947393e+02
6.000000000000000000e+02 1.226698874415632190e+02
6.010000000000000000e+02 1.234638813451958441e+02
6.020000000000000000e+02 1.235414576425150983e+02
6.030000000000000000e+02 1.244835092968789922e+02
6.040000000000000000e+02 1.263739132773110185e+02
6.050000000000000000e+02 1.296208514744608920e+02
6.060000000000000000e+02 1.300703150920486166e+02
6.070000000000000000e+02 1.300473583116688019e+02
6.080000000000000000e+02 1.307864165400850709e+02
6.090000000000000000e+02 1.310422382330703215e+02
6.100000000000000000e+02 1.321218021224511858e+02
6.110000000000000000e+02 1.336083357508407516e+02
6.120000000000000000e+02 1.326246561968708590e+02
6.130000000000000000e+02 1.325978784947099882e+02
6.140000000000000000e+02 1.337350443568836624e+02
6.150000000000000000e+02 1.340385184460243977e+02
6.160000000000000000e+02 1.346243977085724453e+02
6.170000000000000000e+02 1.377098619155175925e+02
6.180000000000000000e+02 1.370461024695798073e+02
6.190000000000000000e+02 1.376639501027345318e+02
6.200000000000000000e+02 1.394868349398625469e+02
6.210000000000000000e+02 1.398387755926080445e+02
6.220000000000000000e+02 1.409880071793688785e+02
6.230000000000000000e+02 1.414177850596274482e+02
6.240000000000000000e+02 1.434982713211388159e+02
6.250000000000000000e+02 1.430513349201954156e+02
6.260000000000000000e+02 1.456031404532337774e+02
6.270000000000000000e+02 1.463386837588084290e+02
6.280000000000000000e+02 1.461027016531917297e+02
6.290000000000000000e+02 1.480509864504186908e+02
6.300000000000000000e+02 1.490937567754008342e+02
6.310000000000000000e+02 1.488201798828646645e+02
6.320000000000000000e+02 1.500666258837604232e+02
6.330000000000000000e+02 1.488601295376598159e+02
6.340000000000000000e+02 1.474396328775149243e+02
6.350000000000000000e+02 1.488637099465134384e+02
6.360000000000000000e+02 1.503623477751832809e+02
6.370000000000000000e+02 1.504306498750907792e+02
6.380000000000000000e+02 1.517435774609386954e+02
6.390000000000000000e+02 1.526033196978536068e+02
6.400000000000000000e+02 1.521777728266543761e+02
6.410000000000000000e+02 1.531210194749713196e+02
6.420000000000000000e+02 1.525105151828730925e+02
6.430000000000000000e+02 1.546898662546261676e+02
6.440000000000000000e+02 1.570864652843286251e+02
6.450000000000000000e+02 1.582054669809864151e+02
6.460000000000000000e+02 1.580527861873706001e+02
6.470000000000000000e+02 1.608543655304868594e+02
6.480000000000000000e+02 1.616499506979496346e+02
6.490000000000000000e+02 1.617553749469301465e+02
6.500000000000000000e+02 1.622073006928618213e+02
6.510000000000000000e+02 1.647667542852770168e+02
6.520000000000000000e+02 1.632397151974251415e+02
6.530000000000000000e+02 1.640698573156806503e+02
6.540000000000000000e+02 1.630161761479822644e+02
6.550000000000000000e+02 1.625341828174643410e+02
6.560000000000000000e+02 1.633963155590341785e+02
6.570000000000000000e+02 1.652589286684677177e+02
6.580000000000000000e+02 1.666179500948794896e+02
6.590000000000000000e+02 1.693651742879786468e+02
6.600000000000000000e+02 1.704786196461612633e+02
6.610000000000000000e+02 1.712888276544599933e+02
6.620000000000000000e+02 1.719120937028801848e+02
6.630000000000000000e+02 1.725854832764391631e+02
6.640000000000000000e+02 1.712687589806316169e+02
6.650000000000000000e+02 1.712768148344977703e+02
6.660000000000000000e+02 1.749967708623599094e+02
6.670000000000000000e+02 1.756649427209065095e+02
6.680000000000000000e+02 1.770997036412520913e+02
6.690000000000000000e+02 1.782747861464243044e+02
6.700000000000000000e+02 1.801018267061491542e+02
6.710000000000000000e+02 1.802426627327648134e+02
6.720000000000000000e+02 1.811395813444803480e+02
6.730000000000000000e+02 1.799417764523073799e+02
6.740000000000000000e+02 1.820905055345905623e+02
6.750000000000000000e+02 1.826199243055569639e+02
6.760000000000000000e+02 1.828763356647407363e+02
6.770000000000000000e+02 1.847086932972788418e+02
6.780000000000000000e+02 1.853282613734774031e+02
6.790000000000000000e+02 1.872558171059048675e+02
6.800000000000000000e+02 1.866276670354986322e+02
6.810000000000000000e+02 1.845849609522841774e+02
6.820000000000000000e+02 1.859887171548486435e+02
6.830000000000000000e+02 1.888571659676110244e+02
6.840000000000000000e+02 1.883699449275985955e+02
6.850000000000000000e+02 1.900491888489727330e+02
6.860000000000000000e+02 1.910179543560813045e+02
6.870000000000000000e+02 1.893816748350437820e+02
6.880000000000000000e+02 1.917185457437286118e+02
6.890000000000000000e+02 1.921066753511680929e+02
6.900000000000000000e+02 1.957773081791904701e+02
6.910000000000000000e+02 1.947784381877000897e+02
6.920000000000000000e+02 1.992053693283985183e+02
6.930000000000000000e+02 1.997944434651051040e+02
6.940000000000000000e+02 2.000657566496754214e+02
6.950000000000000000e+02 2.017436692865740042e+02
6.960000000000000000e+02 2.009266120416108947e+02
6.970000000000000000e+02 2.027058899179539253e+02
6.980000000000000000e+02 2.019619979117266837e+02
6.990000000000000000e+02 2.048381627910654856e+02
7.000000000000000000e+02 2.065848496167265012e+02
7.010000000000000000e+02 2.065824959069504132e+02
7.020000000000000000e+02 2.076256824035664579e+02
7.030000000000000000e+02 2.089350709571679374e+02
7.040000000000000000e+02 2.089593749553645239e+02
7.050000000000000000e+02 2.116413095629597194e+02
7.060000000000000000e+02 2.110271961286873079e+02
7.070000000000000000e+02 2.133052634728576891e+02
7.080000000000000000e+02 2.122360526420297333e+02
7.090000000000000000e+02 2.120528245128721494e+02
7.100000000000000000e+02 2.152606870435363078e+02
7.110000000000000000e+02 2.149380096028388891e+02
7.120000000000000000e+02 2.157633150495872201e+02
7.130000000000000000e+02 2.187049347059555657e+02
7.140000000000000000e+02 2.174785303349724757e+02
7.150000000000000000e+02 2.195223871519416434e+02
7.160000000000000000e+02 2.203498494800046501e+02
7.170000000000000000e+02 2.206309669986096651e+02
7.180000000000000000e+02 2.214804014961621021e+02
7.190000000000000000e+02 2.234733803450366736e+02
7.200000000000000000e+02 2.240141534397855878e+02
7.210000000000000000e+02 2.254303874353103367e+02
7.220000000000000000e+02 2.256166712854912362e+02
7.230000000000000000e+02 2.284966837922645766e+02
7.240000000000000000e+02 2.297896568491044036e+02
7.250000000000000000e+02 2.317521665388990186e+02
7.260000000000000000e+02 2.374709352077900064e+02
7.270000000000000000e+02 2.339733830320618040e+02
7.280000000000000000e+02 2.340001259386716583e+02
7.290000000000000000e+02 2.340284357521821050e+02
7.300000000000000000e+02 2.341562619689597966e+02
7.310000000000000000e+02 2.365736536303001287e+02
7.320000000000000000e+02 2.344138223847593565e+02
7.330000000000000000e+02 2.336209249999767508e+02
7.340000000000000000e+02 2.338670220297615288e+02
7.350000000000000000e+02 2.355227216826120866e+02
7.360000000000000000e+02 2.339322127247145886e+02
7.370000000000000000e+02 2.377846597075221950e+02
7.380000000000000000e+02 2.391241057169807789e+02
7.390000000000000000e+02 2.380753176301181497e+02
7.400000000000000000e+02 2.404816817569798388e+02
7.410000000000000000e+02 2.408237851861305501e+02
7.420000000000000000e+02 2.421745829299841262e+02
7.430000000000000000e+02 2.421692548527398401e+02
7.440000000000000000e+02 2.428358146391220203e+02
7.450000000000000000e+02 2.445098356475032517e+02
7.460000000000000000e+02 2.433186574913299296e+02
7.470000000000000000e+02 2.429855907017933134e+02
7.480000000000000000e+02 2.431189368614283524e+02
7.490000000000000000e+02 2.458941854507566234e+02
7.500000000000000000e+02 2.484180739832925440e+02
7.510000000000000000e+02 2.489518518452865692e+02
7.520000000000000000e+02 2.477619882895135959e+02
7.530000000000000000e+02 2.474130276077461588e+02
7.540000000000000000e+02 2.477199313886058292e+02
7.550000000000000000e+02 2.504379059185249616e+02
7.560000000000000000e+02 2.511366350588891123e+02
7.570000000000000000e+02 2.503885143799004140e+02
7.580000000000000000e+02 2.506668437206793953e+02
7.590000000000000000e+02 2.519600934641798915e+02
7.600000000000000000e+02 2.517394257330869323e+02
7.610000000000000000e+02 2.506566024913719559e+02
7.620000000000000000e+02 2.538250262834406215e+02
7.630000000000000000e+02 2.523934599231534719e+02
7.640000000000000000e+02 2.557016155471511922e+02
7.650000000000000000e+02 2.569044171519889233e+02
7.660000000000000000e+02 2.583082730753832266e+02
7.670000000000000000e+02 2.584664895012079455e+02
7.680000000000000000e+02 2.587629674337485994e+02
7.690000000000000000e+02 2.600430492331006462e+02
7.700000000000000000e+02 2.590066414103225156e+02
7.710000000000000000e+02 2.623644937368699743e+02
7.720000000000000000e+02 2.642308717455863416e+02
7.730000000000000000e+02 2.657662710690338486e+02
7.740000000000000000e+02 2.665416446269050539e+02
7.750000000000000000e+02 2.674932892641777471e+02
7.760000000000000000e+02 2.672540870901040080e+02
7.770000000000000000e+02 2.702811096663368744e+02
7.780000000000000000e+02 2.698738310203450510e+02
7.790000000000000000e+02 2.692810574415823339e+02
7.800000000000000000e+02 2.721993732122022607e+02
7.810000000000000000e+02 2.744074686266707772e+02
7.820000000000000000e+02 2.766935918371838170e+02
7.830000000000000000e+02 2.763901870095436948e+02
7.840000000000000000e+02 2.747809369771820229e+02
7.850000000000000000e+02 2.753763309440113858e+02
7.860000000000000000e+02 2.764007731997705832e+02
7.870000000000000000e+02 2.782903120482625923e+02
7.880000000000000000e+02 2.791667513284119195e+02
7.890000000000000000e+02 2.803674079848772180e+02
7.900000000000000000e+02 2.822555918989837664e+02
7.910000000000000000e+02 2.869963816667857941e+02
7.920000000000000000e+02 2.869380009098066466e+02
7.930000000000000000e+02 2.875912399343344532e+02
7.940000000000000000e+02 2.868465129331870003e+02
7.950000000000000000e+02 2.887979957203731374e+02
7.960000000000000000e+02 2.911050944212914260e+02
7.970000000000000000e+02 2.905790847311913581e+02
7.980000000000000000e+02 2.938097688754847923e+02
7.990000000000000000e+02 2.933001997048422140e+02
8.000000000000000000e+02 2.934619721450104066e+02
