# tau MSD
0.000000000000000000e+00 0.000000000000000000e+00
1.000000000000000000e+00 1.222431052877987367e+00
2.000000000000000000e+00 1.702837817615614258e+00
3.000000000000000000e+00 2.126779388254314451e+00
4.000000000000000000e+00 2.712536565637230446e+00
5.000000000000000000e+00 3.284522650882812034e+00
6.000000000000000000e+00 3.521213665777953139e+00
7.000000000000000000e+00 4.066432928155447435e+00
8.000000000000000000e+00 4.093977447662183522e+00
9.000000000000000000e+00 4.576682791946581119e+00
1.000000000000000000e+01 4.655687317489522137e+00
1.100000000000000000e+01 4.924490956643282402e+00
1.200000000000000000e+01 5.130686318472680973e+00
1.300000000000000000e+01 5.505473869287383692e+00
1.400000000000000000e+01 5.786298283689192523e+00
1.500000000000000000e+01 5.894576418913898053e+00
1.600000000000000000e+01 6.140674785154795146e+00
1.700000000000000000e+01 6.490967726913760671e+00
1.800000000000000000e+01 6.544638638252975760e+00
1.900000000000000000e+01 6.700627073259172839e+00
2.000000000000000000e+01 6.952533961743134761e+00
2.100000000000000000e+01 7.400085016041349384e+00
2.200000000000000000e+01 7.145703292985293942e+00
2.300000000000000000e+01 7.345086417218730901e+00
2.400000000000000000e+01 7.110301507114452413e+00
2.500000000000000000e+01 7.174941977866127196e+00
2.600000000000000000e+01 7.150254682781841176e+00
2.700000000000000000e+01 7.393602262103097011e+00
2.800000000000000000e+01 7.308014258084816639e+00
2.900000000000000000e+01 7.199356641133266344e+00
3.000000000000000000e+01 7.813123733640358282e+00
3.100000000000000000e+01 7.999562204121620113e+00
3.200000000000000000e+01 8.131288954737456720e+00
3.300000000000000000e+01 8.287196009030544985e+00
3.400000000000000000e+01 8.182566163483166122e+00
3.500000000000000000e+01 8.632455530851949277e+00
3.600000000000000000e+01 9.040875186659324214e+00
3.700000000000000000e+01 9.134339460157010038e+00
3.800000000000000000e+01 9.497235781311546887e+00
3.900000000000000000e+01 9.476591630147641609e+00
4.000000000000000000e+01 9.519345417719680569e+00
4.100000000000000000e+01 1.003993051848664741e+01
4.200000000000000000e+01 9.569932674179783660e+00
4.300000000000000000e+01 1.004394927595127740e+01
4.400000000000000000e+01 1.001674328748667797e+01
4.500000000000000000e+01 1.036767805450060820e+01
4.600000000000000000e+01 1.072033883225696194e+01
4.700000000000000000e+01 1.054321853273203047e+01
4.800000000000000000e+01 1.044117066212322520e+01
4.900000000000000000e+01 1.042715616475849671e+01
5.000000000000000000e+01 1.005736373441060572e+01
5.100000000000000000e+01 1.062793631001872896e+01
5.200000000000000000e+01 1.098216269379952870e+01
5.300000000000000000e+01 1.132303293276018685e+01
5.400000000000000000e+01 1.165010187484537241e+01
5.500000000000000000e+01 1.181957123378872154e+01
5.600000000000000000e+01 1.180365214531148332e+01
5.700000000000000000e+01 1.202286515501193698e+01
5.800000000000000000e+01 1.139935519789231400e+01
5.900000000000000000e+01 1.140758909209471206e+01
6.000000000000000000e+01 1.179067737262963256e+01
6.100000000000000000e+01 1.186930630103003814e+01
6.200000000000000000e+01 1.198130856550888268e+01
6.300000000000000000e+01 1.192800128417169425e+01
6.400000000000000000e+01 1.191191752051398645e+01
6.500000000000000000e+01 1.164645077247345206e+01
6.600000000000000000e+01 1.221655412344392921e+01
6.700000000000000000e+01 1.180205697068059045e+01
6.800000000000000000e+01 1.241373117813678029e+01
6.900000000000000000e+01 1.195981261114969030e+01
7.000000000000000000e+01 1.232019917685563826e+01
7.100000000000000000e+01 1.250742116727006703e+01
7.200000000000000000e+01 1.275242665734305803e+01
7.300000000000000000e+01 1.305313596869291182e+01
7.400000000000000000e+01 1.311119073163163939e+01
7.500000000000000000e+01 1.289336191032595913e+01
7.600000000000000000e+01 1.318466282404122403e+01
7.700000000000000000e+01 1.313273159379142285e+01
7.800000000000000000e+01 1.322191787458952383e+01
7.900000000000000000e+01 1.353514053485321966e+01
8.000000000000000000e+01 1.367474310539868654e+01
8.100000000000000000e+01 1.398281528285131969e+01
8.200000000000000000e+01 1.393273537068964352e+01
8.300000000000000000e+01 1.454561943152863890e+01
8.400000000000000000e+01 1.419968682861498621e+01
8.500000000000000000e+01 1.482481882062232792e+01
8.600000000000000000e+01 1.466287265675652662e+01
8.700000000000000000e+01 1.500218069834586210e+01
8.800000000000000000e+01 1.498462094560716373e+01
8.900000000000000000e+01 1.485812622912555803e+01
9.000000000000000000e+01 1.484753942607849098e+01
9.100000000000000000e+01 1.535020451843332445e+01
9.200000000000000000e+01 1.526359498659612690e+01
9.300000000000000000e+01 1.551146370115383455e+01
9.400000000000000000e+01 1.581835542204551714e+01
9.500000000000000000e+01 1.581429563002196304e+01
9.600000000000000000e+01 1.606602595457085059e+01
9.700000000000000000e+01 1.630800666172699565e+01
9.800000000000000000e+01 1.581032135554535856e+01
9.900000000000000000e+01 1.585152026464223241e+01
1.000000000000000000e+02 1.608796962444787226e+01
1.010000000000000000e+02 1.559879327923093051e+01
1.020000000000000000e+02 1.550698032302945428e+01
1.030000000000000000e+02 1.559483676001436336e+01
1.040000000000000000e+02 1.615655080061100080e+01
1.050000000000000000e+02 1.660907648316269203e+01
1.060000000000000000e+02 1.674715758864289938e+01
1.070000000000000000e+02 1.699738374947845543e+01
1.080000000000000000e+02 1.714524257331353496e+01
1.090000000000000000e+02 1.650921853700943842e+01
1.100000000000000000e+02 1.721984354474606604e+01
1.110000000000000000e+02 1.718402490002672067e+01
1.120000000000000000e+02 1.691777873665102661e+01
1.130000000000000000e+02 1.691953376787418861e+01
1.140000000000000000e+02 1.665161554118910914e+01
1.150000000000000000e+02 1.647289923425833891e+01
1.160000000000000000e+02 1.732282014321522112e+01
1.170000000000000000e+02 1.770720178460716809e+01
1.180000000000000000e+02 1.790285091438558496e+01
1.190000000000000000e+02 1.759376444524267313e+01
1.200000000000000000e+02 1.739213386020994179e+01
1.210000000000000000e+02 1.766228838306097870e+01
1.220000000000000000e+02 1.711513170591011601e+01
1.230000000000000000e+02 1.705413542291955054e+01
1.240000000000000000e+02 1.789857479926631001e+01
1.250000000000000000e+02 1.728624691308919381e+01
1.260000000000000000e+02 1.746831269477573301e+01
1.270000000000000000e+02 1.798155837369087706e+01
1.280000000000000000e+02 1.845321066863267134e+01
1.290000000000000000e+02 1.911969562083928409e+01
1.300000000000000000e+02 1.936089382745955234e+01
1.310000000000000000e+02 1.979065592394054818e+01
1.320000000000000000e+02 1.935053638968715362e+01
1.330000000000000000e+02 1.955715329021078119e+01
1.340000000000000000e+02 1.980911085807468552e+01
1.350000000000000000e+02 2.005792919211116754e+01
1.360000000000000000e+02 1.999061379025508955e+01
1.370000000000000000e+02 2.003914643456607436e+01
1.380000000000000000e+02 1.962790635075295498e+01
1.390000000000000000e+02 2.020720176020780556e+01
1.400000000000000000e+02 2.015246227126608147e+01
1.410000000000000000e+02 2.038257673618158350e+01
1.420000000000000000e+02 2.060142026717482722e+01
1.430000000000000000e+02 1.940967219064443583e+01
1.440000000000000000e+02 2.023891442051841238e+01
1.450000000000000000e+02 2.007674222452296320e+01
1.460000000000000000e+02 1.988784127087067333e+01
1.470000000000000000e+02 2.053108023830217732e+01
1.480000000000000000e+02 2.019890569810449321e+01
1.490000000000000000e+02 2.045133947720970724e+01
1.500000000000000000e+02 2.099828405612723259e+01
1.510000000000000000e+02 2.027476324311038525e+01
1.520000000000000000e+02 2.085349204277353508e+01
1.530000000000000000e+02 2.129510434708163302e+01
1.540000000000000000e+02 2.166321288825526281e+01
1.550000000000000000e+02 2.221177239499091627e+01
1.560000000000000000e+02 2.148689244848299396e+01
1.570000000000000000e+02 2.179891664800150508e+01
1.580000000000000000e+02 2.166028194901743831e+01
1.590000000000000000e+02 2.179401372579426877e+01
1.600000000000000000e+02 2.226076074284402750e+01
1.610000000000000000e+02 2.205897032650741707e+01
1.620000000000000000e+02 2.168049387835771569e+01
1.630000000000000000e+02 2.185192081634270522e+01
1.640000000000000000e+02 2.241518062131669353e+01
1.650000000000000000e+02 2.328452260218843506e+01
1.660000000000000000e+02 2.295319562889309495e+01
1.670000000000000000e+02 2.342829811542708995e+01
1.680000000000000000e+02 2.423817437966784283e+01
1.690000000000000000e+02 2.336900590221772589e+01
1.700000000000000000e+02 2.352129831982939123e+01
1.710000000000000000e+02 2.407915773070814325e+01
1.720000000000000000e+02 2.357756949567632176e+01
1.730000000000000000e+02 2.303944364411048085e+01
1.740000000000000000e+02 2.400450821611514129e+01
1.750000000000000000e+02 2.447967129173504830e+01
1.760000000000000000e+02 2.439604218201450436e+01
1.770000000000000000e+02 2.440280551608536186e+01
1.780000000000000000e+02 2.448244265156192867e+01
1.790000000000000000e+02 2.380814296437625188e+01
1.800000000000000000e+02 2.399073918806525185e+01
1.810000000000000000e+02 2.301843664370821330e+01
1.820000000000000000e+02 2.428986932547114463e+01
1.830000000000000000e+02 2.386321824902171329e+01
1.840000000000000000e+02 2.448098091508738605e+01
1.850000000000000000e+02 2.404902873845655975e+01
1.860000000000000000e+02 2.468601986047864827e+01
1.870000000000000000e+02 2.502593136445612743e+01
1.880000000000000000e+02 2.568545817939545728e+01
1.890000000000000000e+02 2.537892763553264430e+01
1.900000000000000000e+02 2.574726060720449894e+01
1.910000000000000000e+02 2.555124326495876019e+01
1.920000000000000000e+02 2.685566827127818712e+01
1.930000000000000000e+02 2.687750836566274160e+01
1.940000000000000000e+02 2.688661842107467592e+01
1.950000000000000000e+02 2.633529176439193620e+01
1.960000000000000000e+02 2.700711865116026544e+01
1.970000000000000000e+02 2.739053255253207197e+01
1.980000000000000000e+02 2.750994080498481509e+01
1.990000000000000000e+02 2.758999570542528801e+01
2.000000000000000000e+02 2.702199245711641495e+01
2.010000000000000000e+02 2.687795792873154710e+01
2.020000000000000000e+02 2.671947203723344444e+01
2.030000000000000000e+02 2.742277210626411232e+01
2.040000000000000000e+02 2.701493065610108957e+01
2.050000000000000000e+02 2.700110526798065180e+01
2.060000000000000000e+02 2.594304669156570142e+01
2.070000000000000000e+02 2.707411821491302106e+01
2.080000000000000000e+02 2.750561415311029734e+01
2.090000000000000000e+02 2.789801621406925847e+01
2.100000000000000000e+02 2.764613320667493568e+01
2.110000000000000000e+02 2.732075535351245321e+01
2.120000000000000000e+02 2.663088077005601306e+01
2.130000000000000000e+02 2.624778623136067424e+01
2.140000000000000000e+02 2.634657659116439277e+01
2.150000000000000000e+02 2.698104959373740286e+01
2.160000000000000000e+02 2.679540574237509531e+01
2.170000000000000000e+02 2.639406232662616603e+01
2.180000000000000000e+02 2.680815986959251518e+01
2.190000000000000000e+02 2.708849662086037924e+01
2.200000000000000000e+02 2.660068749976051450e+01
2.210000000000000000e+02 2.594028533784738499e+01
2.220000000000000000e+02 2.647106796404770535e+01
2.230000000000000000e+02 2.676341477824941961e+01
2.240000000000000000e+02 2.646502608456946959e+01
2.250000000000000000e+02 2.719979246936576445e+01
2.260000000000000000e+02 2.692184366496171322e+01
2.270000000000000000e+02 2.731808466524926615e+01
2.280000000000000000e+02 2.736191917647904148e+01
2.290000000000000000e+02 2.625519994360468701e+01
2.300000000000000000e+02 2.670326981818975298e+01
2.310000000000000000e+02 2.699401573568720991e+01
2.320000000000000000e+02 2.717551395549548587e+01
2.330000000000000000e+02 2.773607531289832906e+01
2.340000000000000000e+02 2.771624424440706846e+01
2.350000000000000000e+02 2.805894876760856604e+01
2.360000000000000000e+02 2.880281942471803092e+01
2.370000000000000000e+02 2.812665006836136783e+01
2.380000000000000000e+02 2.905795824330319022e+01
2.390000000000000000e+02 2.940952007964982684e+01
2.400000000000000000e+02 2.995699020608114793e+01
2.410000000000000000e+02 3.077230014050073237e+01
2.420000000000000000e+02 3.017053782871862566e+01
2.430000000000000000e+02 3.118321595716649242e+01
2.440000000000000000e+02 3.069979836365618908e+01
2.450000000000000000e+02 3.142767076629442968e+01
2.460000000000000000e+02 3.095920735868989837e+01
2.470000000000000000e+02 3.088917699641256220e+01
2.480000000000000000e+02 3.143150600258809035e+01
2.490000000000000000e+02 3.191613058960957972e+01
2.500000000000000000e+02 3.227634564951902973e+01
2.510000000000000000e+02 3.269550117261226774e+01
2.520000000000000000e+02 3.260979799769864940e+01
2.530000000000000000e+02 3.307696211998179336e+01
2.540000000000000000e+02 3.242392644084839759e+01
2.550000000000000000e+02 3.359763979500978337e+01
2.560000000000000000e+02 3.230977716169100233e+01
2.570000000000000000e+02 3.242605844001081294e+01
2.580000000000000000e+02 3.234235113717333832e+01
2.590000000000000000e+02 3.225000157851024341e+01
2.600000000000000000e+02 3.285059679122928600e+01
2.610000000000000000e+02 3.276397408863902427e+01
2.620000000000000000e+02 3.252158378020162388e+01
2.630000000000000000e+02 3.332915058625155780e+01
2.640000000000000000e+02 3.352027245286761570e+01
2.650000000000000000e+02 3.274482611786548603e+01
2.660000000000000000e+02 3.374451843447967292e+01
2.670000000000000000e+02 3.331463730170889193e+01
2.680000000000000000e+02 3.342449241735105403e+01
2.690000000000000000e+02 3.311393514622966450e+01
2.700000000000000000e+02 3.319303971879021731e+01
2.710000000000000000e+02 3.322114291249787499e+01
2.720000000000000000e+02 3.352613244299630679e+01
2.730000000000000000e+02 3.361603663048899193e+01
2.740000000000000000e+02 3.441061722650426447e+01
2.750000000000000000e+02 3.473368129777951907e+01
2.760000000000000000e+02 3.447103086469762445e+01
2.770000000000000000e+02 3.516226725400770903e+01
2.780000000000000000e+02 3.565245379936295222e+01
2.790000000000000000e+02 3.569057201289993486e+01
2.800000000000000000e+02 3.533060913362312050e+01
2.810000000000000000e+02 3.593882590453331716e+01
2.820000000000000000e+02 3.717245135273549295e+01
2.830000000000000000e+02 3.669404018656710775e+01
2.840000000000000000e+02 3.679617196053031591e+01
2.850000000000000000e+02 3.683884940328793789e+01
2.860000000000000000e+02 3.713387047091537596e+01
2.870000000000000000e+02 3.658651006365496272e+01
2.880000000000000000e+02 3.619662591604781454e+01
2.890000000000000000e+02 3.687245933571264800e+01
2.900000000000000000e+02 3.710032141803453953e+01
2.910000000000000000e+02 3.681771961781959135e+01
2.920000000000000000e+02 3.638407450546832678e+01
2.930000000000000000e+02 3.724280626499150060e+01
2.940000000000000000e+02 3.761998950387162921e+01
2.950000000000000000e+02 3.764524013242740352e+01
2.960000000000000000e+02 3.873516030425657419e+01
2.970000000000000000e+02 3.878076143489043659e+01
2.980000000000000000e+02 3.876243468823396654e+01
2.990000000000000000e+02 3.843530335649323604e+01
3.000000000000000000e+02 3.857584337934883933e+01
3.010000000000000000e+02 3.809919265451442527e+01
3.020000000000000000e+02 3.825015783110320911e+01
3.030000000000000000e+02 3.776554922054972252e+01
3.040000000000000000e+02 3.840550504310804314e+01
3.050000000000000000e+02 3.862194188180440335e+01
3.060000000000000000e+02 3.929793862094248169e+01
3.070000000000000000e+02 3.935355101800474387e+01
3.080000000000000000e+02 3.981753953815810831e+01
3.090000000000000000e+02 3.971764893552988696e+01
3.100000000000000000e+02 3.905252899067463801e+01
3.110000000000000000e+02 3.883451429115756781e+01
3.120000000000000000e+02 3.891920345610931520e+01
3.130000000000000000e+02 3.955009701338705952e+01
3.140000000000000000e+02 3.949548054859219093e+01
3.150000000000000000e+02 3.994970840878080764e+01
3.160000000000000000e+02 4.033960133238903722e+01
3.170000000000000000e+02 4.114735432456041053e+01
3.180000000000000000e+02 4.070766038483927929e+01
3.190000000000000000e+02 4.097045108394922153e+01
3.200000000000000000e+02 4.104260694514894681e+01
3.210000000000000000e+02 4.122544960357106447e+01
3.220000000000000000e+02 4.193425908911465427e+01
3.230000000000000000e+02 4.232436715230954860e+01
3.240000000000000000e+02 4.282479893139417726e+01
3.250000000000000000e+02 4.223327987774842285e+01
3.260000000000000000e+02 4.249056707730818516e+01
3.270000000000000000e+02 4.250445538249823585e+01
3.280000000000000000e+02 4.214531447969952893e+01
3.290000000000000000e+02 4.280501143721294710e+01
3.300000000000000000e+02 4.265187554566605854e+01
3.310000000000000000e+02 4.258185196715576382e+01
3.320000000000000000e+02 4.289990067866926893e+01
3.330000000000000000e+02 4.372709420488639154e+01
3.340000000000000000e+02 4.366482759549650439e+01
3.350000000000000000e+02 4.324747141705250186e+01
3.360000000000000000e+02 4.269900850774926937e+01
3.370000000000000000e+02 4.294623472187825541e+01
3.380000000000000000e+02 4.333891977868043455e+01
3.390000000000000000e+02 4.455544135528948146e+01
3.400000000000000000e+02 4.361953167439237689e+01
3.410000000000000000e+02 4.353085986550495790e+01
3.420000000000000000e+02 4.387353675009334353e+01
3.430000000000000000e+02 4.425434566557365912e+01
3.440000000000000000e+02 4.419893471202032487e+01
3.450000000000000000e+02 4.364722628451814757e+01
3.460000000000000000e+02 4.300100410895049663e+01
3.470000000000000000e+02 4.273529344651226580e+01
3.480000000000000000e+02 4.310772881274621682e+01
3.490000000000000000e+02 4.194634481099954115e+01
3.500000000000000000e+02 4.240932109755902246e+01
3.510000000000000000e+02 4.272346907068890687e+01
3.520000000000000000e+02 4.187705564950763915e+01
3.530000000000000000e+02 4.279667323918224042e+01
3.540000000000000000e+02 4.306225998502326036e+01
3.550000000000000000e+02 4.416080129820851141e+01
3.560000000000000000e+02 4.498236123534023534e+01
3.570000000000000000e+02 4.551573630685084026e+01
3.580000000000000000e+02 4.525729330979143583e+01
3.590000000000000000e+02 4.540178269347651252e+01
3.600000000000000000e+02 4.504895495782501058e+01
3.610000000000000000e+02 4.450882144390579498e+01
3.620000000000000000e+02 4.435785954966780054e+01
3.630000000000000000e+02 4.469758008527723092e+01
3.640000000000000000e+02 4.478537265122932354e+01
3.650000000000000000e+02 4.407019617815884516e+01
3.660000000000000000e+02 4.441350203583527190e+01
3.670000000000000000e+02 4.549043518356975824e+01
3.680000000000000000e+02 4.484515818566843848e+01
3.690000000000000000e+02 4.573851751574596847e+01
3.700000000000000000e+02 4.610497845249450677e+01
3.710000000000000000e+02 4.701947033115535390e+01
3.720000000000000000e+02 4.727353636406182602e+01
3.730000000000000000e+02 4.658638701331523890e+01
3.740000000000000000e+02 4.623365901052254401e+01
3.750000000000000000e+02 4.575710160197005649e+01
3.760000000000000000e+02 4.675668270258277204e+01
3.770000000000000000e+02 4.688271404408667564e+01
3.780000000000000000e+02 4.699484796535889330e+01
3.790000000000000000e+02 4.758533264329550150e+01
3.800000000000000000e+02 4.754995720112892599e+01
3.810000000000000000e+02 4.703069206138769687e+01
3.820000000000000000e+02 4.769921316140283807e+01
3.830000000000000000e+02 4.844296628310990371e+01
3.840000000000000000e+02 5.080539645787706604e+01
3.850000000000000000e+02 4.975330353474617340e+01
3.860000000000000000e+02 4.877607175857411193e+01
3.870000000000000000e+02 5.118462076991548315e+01
3.880000000000000000e+02 5.117251696146254858e+01
3.890000000000000000e+02 5.093399082861623839e+01
3.900000000000000000e+02 5.042543177678194866e+01
3.910000000000000000e+02 5.038279205612442269e+01
3.920000000000000000e+02 4.914602445124000241e+01
3.930000000000000000e+02 4.849313837428115903e+01
3.940000000000000000e+02 4.880274647513983410e+01
3.950000000000000000e+02 4.847327160690840486e+01
3.960000000000000000e+02 4.870079955600249377e+01
3.970000000000000000e+02 4.849396056330364502e+01
3.980000000000000000e+02 4.766723924854348837e+01
3.990000000000000000e+02 4.850181161883673298e+01
4.000000000000000000e+02 4.846477567133835862e+01
4.010000000000000000e+02 4.994775035425521281e+01
4.020000000000000000e+02 5.077236934978523664e+01
4.030000000000000000e+02 5.149392691444560910e+01
4.040000000000000000e+02 5.203948590251764728e+01
4.050000000000000000e+02 5.266476634726100770e+01
4.060000000000000000e+02 5.352518193834984572e+01
4.070000000000000000e+02 5.304549023818282905e+01
4.080000000000000000e+02 5.238745295676147862e+01
4.090000000000000000e+02 5.321100600120371382e+01
4.100000000000000000e+02 5.432302140492171816e+01
4.110000000000000000e+02 5.381424802039445154e+01
4.120000000000000000e+02 5.360785072953342478e+01
4.130000000000000000e+02 5.325428917440300580e+01
4.140000000000000000e+02 5.334248343558162730e+01
4.150000000000000000e+02 5.430556715541798241e+01
4.160000000000000000e+02 5.460495449464472983e+01
4.170000000000000000e+02 5.587842002347469617e+01
4.180000000000000000e+02 5.726923306393511837e+01
4.190000000000000000e+02 5.724759215423356551e+01
4.200000000000000000e+02 5.712677753176559747e+01
4.210000000000000000e+02 5.695673716317565294e+01
4.220000000000000000e+02 5.687678469236990253e+01
4.230000000000000000e+02 5.733919083745799128e+01
4.240000000000000000e+02 5.753709467204010508e+01
4.250000000000000000e+02 5.908906088991552963e+01
4.260000000000000000e+02 6.012517893243700229e+01
4.270000000000000000e+02 6.033559412669452371e+01
4.280000000000000000e+02 6.140957464926589893e+01
4.290000000000000000e+02 6.219690151249358934e+01
4.300000000000000000e+02 6.276111986777999618e+01
4.310000000000000000e+02 6.313152898336573315e+01
4.320000000000000000e+02 6.428005953319569699e+01
4.330000000000000000e+02 6.374977623523990644e+01
4.340000000000000000e+02 6.277795399988319502e+01
4.350000000000000000e+02 6.255115571803708008e+01
4.360000000000000000e+02 6.380537184379338811e+01
4.370000000000000000e+02 6.328133515375783702e+01
4.380000000000000000e+02 6.403403786509637996e+01
4.390000000000000000e+02 6.443037899878368080e+01
4.400000000000000000e+02 6.554828250330065487e+01
4.410000000000000000e+02 6.585730426783423752e+01
4.420000000000000000e+02 6.587230805808992784e+01
4.430000000000000000e+02 6.641844558344587313e+01
4.440000000000000000e+02 6.631841582391298573e+01
4.450000000000000000e+02 6.784160539075708130e+01
4.460000000000000000e+02 6.825982249333560503e+01
4.470000000000000000e+02 6.864517069571157037e+01
4.480000000000000000e+02 6.895772722087112072e+01
4.490000000000000000e+02 6.884698417601779852e+01
4.500000000000000000e+02 6.859867686714837021e+01
4.510000000000000000e+02 7.002362220163686857e+01
4.520000000000000000e+02 7.101663639416192098e+01
4.530000000000000000e+02 7.119534889402443412e+01
4.540000000000000000e+02 7.184395496643342938e+01
4.550000000000000000e+02 7.275497869744349089e+01
4.560000000000000000e+02 7.328791513935658486e+01
4.570000000000000000e+02 7.449344141820435539e+01
4.580000000000000000e+02 7.432437010832933311e+01
4.590000000000000000e+02 7.420038183391461928e+01
4.600000000000000000e+02 7.517876272443794505e+01
4.610000000000000000e+02 7.570768938109799251e+01
4.620000000000000000e+02 7.676480090066436901e+01
4.630000000000000000e+02 7.681944667545141670e+01
4.640000000000000000e+02 7.703205491121764226e+01
4.650000000000000000e+02 7.737425418204618666e+01
4.660000000000000000e+02 7.741313576405048025e+01
4.670000000000000000e+02 7.657936638334221868e+01
4.680000000000000000e+02 7.713356326878017910e+01
4.690000000000000000e+02 7.929305958132410126e+01
4.700000000000000000e+02 7.930186034310099785e+01
4.710000000000000000e+02 7.897160543429656343e+01
4.720000000000000000e+02 8.006961866151443985e+01
4.730000000000000000e+02 7.934200692343756600e+01
4.740000000000000000e+02 8.084426535649943446e+01
4.750000000000000000e+02 8.103222659509233949e+01
4.760000000000000000e+02 8.236446879728580939e+01
4.770000000000000000e+02 8.154154081024358902e+01
4.780000000000000000e+02 8.253941465093328134e+01
4.790000000000000000e+02 8.427963847985250823e+01
4.800000000000000000e+02 8.482045837408360001e+01
4.810000000000000000e+02 8.506442534575836589e+01
4.820000000000000000e+02 8.602057239145726442e+01
4.830000000000000000e+02 8.743293136532905407e+01
4.840000000000000000e+02 8.715252974017003851e+01
4.850000000000000000e+02 8.806585998968205331e+01
4.860000000000000000e+02 8.691054308002901507e+01
4.870000000000000000e+02 8.720553333693570153e+01
4.880000000000000000e+02 8.884023291396182742e+01
4.890000000000000000e+02 8.884881043648550758e+01
4.900000000000000000e+02 9.002616069540202659e+01
4.910000000000000000e+02 8.920276021766163410e+01
4.920000000000000000e+02 8.874723574337787113e+01
4.930000000000000000e+02 9.087659149251048518e+01
4.940000000000000000e+02 9.160037372729634342e+01
4.950000000000000000e+02 9.021699033995349737e+01
4.960000000000000000e+02 9.113604499399862391e+01
4.970000000000000000e+02 9.198964203745897805e+01
4.980000000000000000e+02 9.250275641312667574e+01
4.990000000000000000e+02 9.385385937968207770e+01
5.000000000000000000e+02 9.211657299587386660e+01
5.010000000000000000e+02 9.314174423677303594e+01
5.020000000000000000e+02 9.479625970605800944e+01
5.030000000000000000e+02 9.558331967728855716e+01
5.040000000000000000e+02 9.529642467599092015e+01
5.050000000000000000e+02 9.598357995362698603e+01
5.060000000000000000e+02 9.781731599877137739e+01
5.070000000000000000e+02 9.870606838732392418e+01
5.080000000000000000e+02 9.959657263723403275e+01
5.090000000000000000e+02 9.976053748583045433e+01
5.100000000000000000e+02 9.790136380785531856e+01
5.110000000000000000e+02 9.844383627857278896e+01
5.120000000000000000e+02 9.889747124182540006e+01
5.130000000000000000e+02 9.882073610287625343e+01
5.140000000000000000e+02 9.817140486410154665e+01
5.150000000000000000e+02 9.874122623583262737e+01
5.160000000000000000e+02 1.008540157820793581e+02
5.170000000000000000e+02 1.001735163585578050e+02
5.180000000000000000e+02 9.865665669568581109e+01
5.190000000000000000e+02 9.536876039339308875e+01
5.200000000000000000e+02 9.957061643564479425e+01
5.210000000000000000e+02 1.012219330188478779e+02
5.220000000000000000e+02 1.022946616685659365e+02
5.230000000000000000e+02 1.019621609551752499e+02
5.240000000000000000e+02 1.026184694622420892e+02
5.250000000000000000e+02 1.024937876380672890e+02
5.260000000000000000e+02 1.032594263631089717e+02
5.270000000000000000e+02 1.039771230568147189e+02
5.280000000000000000e+02 1.042896511246248679e+02
5.290000000000000000e+02 1.059069514091660977e+02
5.300000000000000000e+02 1.063288067308712357e+02
5.310000000000000000e+02 1.070873932878746047e+02
5.320000000000000000e+02 1.073807449146381572e+02
5.330000000000000000e+02 1.084902098598836915e+02
5.340000000000000000e+02 1.093134170091389734e+02
5.350000000000000000e+02 1.094974043214845238e+02
5.360000000000000000e+02 1.115064327571613632e+02
5.370000000000000000e+02 1.108418911871506793e+02
5.380000000000000000e+02 1.128785581002775729e+02
5.390000000000000000e+02 1.105029175326215665e+02
5.400000000000000000e+02 1.120900588850845878e+02
5.410000000000000000e+02 1.130343895477496829e+02
5.420000000000000000e+02 1.133332908928624079e+02
5.430000000000000000e+02 1.132894696656959610e+02
5.440000000000000000e+02 1.135625884935677732e+02
5.450000000000000000e+02 1.162912507400415763e+02
5.460000000000000000e+02 1.165946234518561795e+02
5.470000000000000000e+02 1.169616485218074047e+02
5.480000000000000000e+02 1.178121844970733321e+02
5.490000000000000000e+02 1.165676213354958577e+02
5.500000000000000000e+02 1.157118032057301917e+02
5.510000000000000000e+02 1.181696141484868008e+02
5.520000000000000000e+02 1.177696548746113905e+02
5.530000000000000000e+02 1.168617080584074870e+02
5.540000000000000000e+02 1.170480478516355163e+02
5.550000000000000000e+02 1.168019410217958836e+02
5.560000000000000000e+02 1.184986961633865548e+02
5.570000000000000000e+02 1.202864326652408096e+02
5.580000000000000000e+02 1.210177323137632044e+02
5.590000000000000000e+02 1.208511457908403770e+02
5.600000000000000000e+02 1.213135415773164567e+02
5.610000000000000000e+02 1.220711344863736088e+02
5.620000000000000000e+02 1.224585865122122641e+02
5.630000000000000000e+02 1.225515683989695646e+02
5.640000000000000000e+02 1.238185600388436285e+02
5.650000000000000000e+02 1.232022641290185447e+02
5.660000000000000000e+02 1.257856021806922513e+02
5.670000000000000000e+02 1.265234316861197073e+02
5.680000000000000000e+02 1.266031379796714447e+02
5.690000000000000000e+02 1.278726554134868962e+02
5.700000000000000000e+02 1.288657193580017974e+02
5.710000000000000000e+02 1.296715336373968341e+02
5.720000000000000000e+02 1.304758419528759248e+02
5.730000000000000000e+02 1.324860010980396510e+02
5.740000000000000000e+02 1.330080620598953374e+02
5.750000000000000000e+02 1.330847645797945233e+02
5.760000000000000000e+02 1.324338924276634089e+02
5.770000000000000000e+02 1.329260944510478168e+02
5.780000000000000000e+02 1.333802013994715878e+02
5.790000000000000000e+02 1.339885708680407674e+02
5.800000000000000000e+02 1.348664511217734514e+02
5.810000000000000000e+02 1.344193441814553580e+02
5.820000000000000000e+02 1.351492271822883708e+02
5.830000000000000000e+02 1.339657889893691731e+02
5.840000000000000000e+02 1.345592594434879459e+02
5.850000000000000000e+02 1.355410677404563558e+02
5.860000000000000000e+02 1.346547715135639010e+02
5.870000000000000000e+02 1.367741730065992556e+02
5.880000000000000000e+02 1.361241956462473865e+02
5.890000000000000000e+02 1.342296044918782059e+02
5.900000000000000000e+02 1.359493549596527373e+02
5.910000000000000000e+02 1.363843387906858879e+02
5.920000000000000000e+02 1.367748013520355528e+02
5.930000000000000000e+02 1.388575151068367290e+02
5.940000000000000000e+02 1.379992563174803308e+02
5.950000000000000000e+02 1.379005665183120755e+02
5.960000000000000000e+02 1.398056089871531640e+02
5.970000000000000000e+02 1.412115820033134241e+02
5.980000000000000000e+02 1.392318236323393705e+02
5.990000000000000000e+02 1.401244073471799538e+02
6.000000000000000000e+02 1.389777864009776636e+02
6.010000000000000000e+02 1.406868014928585069e+02
6.020000000000000000e+02 1.398843047536168172e+02
6.030000000000000000e+02 1.404147360593825624e+02
6.040000000000000000e+02 1.409863387477136882e+02
6.050000000000000000e+02 1.399591950889613088e+02
6.060000000000000000e+02 1.412017020477107963e+02
6.070000000000000000e+02 1.423761296039660920e+02
6.080000000000000000e+02 1.441264500985192001e+02
6.090000000000000000e+02 1.457342253913224681e+02
6.100000000000000000e+02 1.477705619817465674e+02
6.110000000000000000e+02 1.486885529690932231e+02
6.120000000000000000e+02 1.506673679977089364e+02
6.130000000000000000e+02 1.514002069792679777e+02
6.140000000000000000e+02 1.539048536854324425e+02
6.150000000000000000e+02 1.533745519838509779e+02
6.160000000000000000e+02 1.535529444818162403e+02
6.170000000000000000e+02 1.545915563493316540e+02
6.180000000000000000e+02 1.555460977959715194e+02
6.190000000000000000e+02 1.571937981331345782e+02
6.200000000000000000e+02 1.582713264185629214e+02
6.210000000000000000e+02 1.575937911607652211e+02
6.220000000000000000e+02 1.590550412477578845e+02
6.230000000000000000e+02 1.573102704163833323e+02
6.240000000000000000e+02 1.597689184488629905e+02
6.250000000000000000e+02 1.618944969212212186e+02
6.260000000000000000e+02 1.612774755824069928e+02
6.270000000000000000e+02 1.623600590336986329e+02
6.280000000000000000e+02 1.622136073541431074e+02
6.290000000000000000e+02 1.650651097558597371e+02
6.300000000000000000e+02 1.651190410421037029e+02
6.310000000000000000e+02 1.666764991694767275e+02
6.320000000000000000e+02 1.693345108725472699e+02
6.330000000000000000e+02 1.689939099996951484e+02
6.340000000000000000e+02 1.700544876187080945e+02
6.350000000000000000e+02 1.714598987325181554e+02
6.360000000000000000e+02 1.708609771199992622e+02
6.370000000000000000e+02 1.733103399280601877e+02
6.380000000000000000e+02 1.738513506549731744e+02
6.390000000000000000e+02 1.768898276111320911e+02
6.400000000000000000e+02 1.774607933420627717e+02
6.410000000000000000e+02 1.774261448797699643e+02
6.420000000000000000e+02 1.776840757455755977e+02
6.430000000000000000e+02 1.795100941828699774e+02
6.440000000000000000e+02 1.797948140616964281e+02
6.450000000000000000e+02 1.821165204842363607e+02
6.460000000000000000e+02 1.817139960887552377e+02
6.470000000000000000e+02 1.807471351562214750e+02
6.480000000000000000e+02 1.794804174614741612e+02
6.490000000000000000e+02 1.811719459231357803e+02
6.500000000000000000e+02 1.799041414612607355e+02
6.510000000000000000e+02 1.818549953306213354e+02
6.520000000000000000e+02 1.839156615284291263e+02
6.530000000000000000e+02 1.853472778414198672e+02
6.540000000000000000e+02 1.854781728614900089e+02
6.550000000000000000e+02 1.858496231814378916e+02
6.560000000000000000e+02 1.876269503672062626e+02
6.570000000000000000e+02 1.882694263063792448e+02
6.580000000000000000e+02 1.869872549070859122e+02
6.590000000000000000e+02 1.899645363527676807e+02
6.600000000000000000e+02 1.895776324981599146e+02
6.610000000000000000e+02 1.912478293890915779e+02
6.620000000000000000e+02 1.921977054501582813e+02
6.630000000000000000e+02 1.928104319923542107e+02
6.640000000000000000e+02 1.908805050593556416e+02
6.650000000000000000e+02 1.920169976537464720e+02
6.660000000000000000e+02 1.905766387330660336e+02
6.670000000000000000e+02 1.929899537904643978e+02
6.680000000000000000e+02 1.941715587473590006e+02
6.690000000000000000e+02 1.989788570547675306e+02
6.700000000000000000e+02 1.984992024856011312e+02
6.710000000000000000e+02 2.001135517884865749e+02
6.720000000000000000e+02 2.015868893937876294e+02
6.730000000000000000e+02 2.024580483991849746e+02
6.740000000000000000e+02 2.035075056172899224e+02
6.750000000000000000e+02 2.049259436009081128e+02
6.760000000000000000e+02 2.062325082587807685e+02
6.770000000000000000e+02 2.070055424085708466e+02
6.780000000000000000e+02 2.083692635340306936e+02
6.790000000000000000e+02 2.094942388703198048e+02
6.800000000000000000e+02 2.137190183327657280e+02
6.810000000000000000e+02 2.124025325525045389e+02
6.820000000000000000e+02 2.136623127980541312e+02
6.830000000000000000e+02 2.131850807967684602e+02
6.840000000000000000e+02 2.118495066476198474e+02
6.850000000000000000e+02 2.163666152205848618e+02
6.860000000000000000e+02 2.159416648369707161e+02
6.870000000000000000e+02 2.168132694290318057e+02
6.880000000000000000e+02 2.178644673348093193e+02
6.890000000000000000e+02 2.198472674798280195e+02
6.900000000000000000e+02 2.206339957675328947e+02
6.910000000000000000e+02 2.196304562925739390e+02
6.920000000000000000e+02 2.217226134170623766e+02
6.930000000000000000e+02 2.223386746785765240e+02
6.940000000000000000e+02 2.212703552793900599e+02
6.950000000000000000e+02 2.230154693406202284e+02
6.960000000000000000e+02 2.224299729460023514e+02
6.970000000000000000e+02 2.237325001987505004e+02
6.980000000000000000e+02 2.241686746167677029e+02
6.990000000000000000e+02 2.246889105977675456e+02
7.000000000000000000e+02 2.241741413382398491e+02
7.010000000000000000e+02 2.295848038150225250e+02
7.020000000000000000e+02 2.311453104065593607e+02
7.030000000000000000e+02 2.278523758785510722e+02
7.040000000000000000e+02 2.274581645548286417e+02
7.050000000000000000e+02 2.302943480441849147e+02
7.060000000000000000e+02 2.301532969492408824e+02
7.070000000000000000e+02 2.315355928511315540e+02
7.080000000000000000e+02 2.308156337289843520e+02
7.090000000000000000e+02 2.337685229483548994e+02
7.100000000000000000e+02 2.342313853012472009e+02
7.110000000000000000e+02 2.330327456636144348e+02
7.120000000000000000e+02 2.323707637649253002e+02
7.130000000000000000e+02 2.322440897098243227e+02
7.140000000000000000e+02 2.333276587288648614e+02
7.150000000000000000e+02 2.339608599097289243e+02
7.160000000000000000e+02 2.354731045692823841e+02
7.170000000000000000e+02 2.385069674337319157e+02
7.180000000000000000e+02 2.376413273490518918e+02
7.190000000000000000e+02 2.396782430937350057e+02
7.200000000000000000e+02 2.435577197621695689e+02
7.210000000000000000e+02 2.429547335925597338e+02
7.220000000000000000e+02 2.437686586848938362e+02
7.230000000000000000e+02 2.457876784179647984e+02
7.240000000000000000e+02 2.464305084644655892e+02
7.250000000000000000e+02 2.470202786991535788e+02
7.260000000000000000e+02 2.485661420500454994e+02
7.270000000000000000e+02 2.487412894399923573e+02
7.280000000000000000e+02 2.491198411421527794e+02
7.290000000000000000e+02 2.518998875983578500e+02
7.300000000000000000e+02 2.518815673131098265e+02
7.310000000000000000e+02 2.517392506268919306e+02
7.320000000000000000e+02 2.524017315562073520e+02
7.330000000000000000e+02 2.531918346381478955e+02
7.340000000000000000e+02 2.548607357291279527e+02
7.350000000000000000e+02 2.568676604517714281e+02
7.360000000000000000e+02 2.566089006114320910e+02
7.370000000000000000e+02 2.570343246972873317e+02
7.380000000000000000e+02 2.549202470132379119e+02
7.390000000000000000e+02 2.578411949159548726e+02
7.400000000000000000e+02 2.571784497194631172e+02
7.410000000000000000e+02 2.587007795707316973e+02
7.420000000000000000e+02 2.622428411441279650e+02
7.430000000000000000e+02 2.634683655148149342e+02
7.440000000000000000e+02 2.634340276292347767e+02
7.450000000000000000e+02 2.647776566207411975e+02
7.460000000000000000e+02 2.685898882058591539e+02
7.470000000000000000e+02 2.706438661536305403e+02
7.480000000000000000e+02 2.703936893606153831e+02
7.490000000000000000e+02 2.726177287168094381e+02
7.500000000000000000e+02 2.713043149998175636e+02
7.510000000000000000e+02 2.716234962317399209e+02
7.520000000000000000e+02 2.731879328132762907e+02
7.530000000000000000e+02 2.765353905798490359e+02
7.540000000000000000e+02 2.780853199782632714e+02
7.550000000000000000e+02 2.787676961059424343e+02
7.560000000000000000e+02 2.778988083754133527e+02
7.570000000000000000e+02 2.781204818103853427e+02
7.580000000000000000e+02 2.784391150692091514e+02
7.590000000000000000e+02 2.800625859332724872e+02
7.600000000000000000e+02 2.836944001600076035e+02
7.610000000000000000e+02 2.830370989217518627e+02
7.620000000000000000e+02 2.849330358033412836e+02
7.630000000000000000e+02 2.863989805565889242e+02
7.640000000000000000e+02 2.899174183832885205e+02
7.650000000000000000e+02 2.907691917241243118e+02
7.660000000000000000e+02 2.908873993411605738e+02
7.670000000000000000e+02 2.909249485945730385e+02
7.680000000000000000e+02 2.907582676597450586e+02
7.690000000000000000e+02 2.924323166600447053e+02
7.700000000000000000e+02 2.916893055558124388e+02
7.710000000000000000e+02 2.914034922929576510e+02
7.720000000000000000e+02 2.939785505936808363e+02
7.730000000000000000e+02 2.943662220103146296e+02
7.740000000000000000e+02 2.961054536208048376e+02
7.750000000000000000e+02 2.953826987680036495e+02
7.760000000000000000e+02 2.968649161506133396e+02
7.770000000000000000e+02 2.985428078848778455e+02
7.780000000000000000e+02 3.010065661209234236e+02
7.790000000000000000e+02 3.001721113524731095e+02
7.800000000000000000e+02 3.019377597280863483e+02
7.810000000000000000e+02 3.021579009517200802e+02
7.820000000000000000e+02 3.020825331711314448e+02
7.830000000000000000e+02 3.007533055721014534e+02
7.840000000000000000e+02 3.038746280040987244e+02
7.850000000000000000e+02 3.047058547415048224e+02
7.860000000000000000e+02 3.050539612434437799e+02
7.870000000000000000e+02 3.038160912325109280e+02
7.880000000000000000e+02 3.070995861665484199e+02
7.890000000000000000e+02 3.066924664450770024e+02
7.900000000000000000e+02 3.077969398020430276e+02
7.910000000000000000e+02 3.097877228727816714e+02
7.920000000000000000e+02 3.125885031281978854e+02
7.930000000000000000e+02 3.154586494433930284e+02
7.940000000000000000e+02 3.122668512601937891e+02
7.950000000000000000e+02 3.151472427092170392e+02
7.960000000000000000e+02 3.154629747263556396e+02
7.970000000000000000e+02 3.160690690234332010e+02
7.980000000000000000e+02 3.158724984050570015e+02
7.990000000000000000e+02 3.173945245887728674e+02
8.000000000000000000e+02 3.166183666502878964e+02
