# tau MSD
1.000000000000000000e+00 1.229572591427954498e+00
2.000000000000000000e+00 1.960265557873008158e+00
3.000000000000000000e+00 2.534355562667856887e+00
4.000000000000000000e+00 3.024326279613080093e+00
5.000000000000000000e+00 3.464030950393035990e+00
6.000000000000000000e+00 3.860527987628556978e+00
7.000000000000000000e+00 4.235153813254584954e+00
8.000000000000000000e+00 4.585525783143384437e+00
9.000000000000000000e+00 4.912541953584763199e+00
1.000000000000000000e+01 5.220468060522431841e+00
1.100000000000000000e+01 5.510622309753141046e+00
1.200000000000000000e+01 5.794749542347072513e+00
1.300000000000000000e+01 6.067091294040183769e+00
1.400000000000000000e+01 6.330641692875812687e+00
1.500000000000000000e+01 6.591819332259335695e+00
1.600000000000000000e+01 6.839314022632553502e+00
1.700000000000000000e+01 7.085261504690022250e+00
1.800000000000000000e+01 7.325404179157042783e+00
1.900000000000000000e+01 7.556853941057271484e+00
2.000000000000000000e+01 7.782601015923592769e+00
2.100000000000000000e+01 7.999076153978752934e+00
2.200000000000000000e+01 8.216633182661757573e+00
2.300000000000000000e+01 8.434862745263753681e+00
2.400000000000000000e+01 8.647585362812041154e+00
2.500000000000000000e+01 8.858531696419126078e+00
2.600000000000000000e+01 9.067090311262498759e+00
2.700000000000000000e+01 9.273995482670445156e+00
2.800000000000000000e+01 9.476973600172891921e+00
2.900000000000000000e+01 9.674715500460491668e+00
3.000000000000000000e+01 9.875864584419883130e+00
3.100000000000000000e+01 1.006925924819539020e+01
3.200000000000000000e+01 1.025646375257486831e+01
3.300000000000000000e+01 1.044166808408698799e+01
3.400000000000000000e+01 1.062885202910487337e+01
3.500000000000000000e+01 1.081062063629705960e+01
3.600000000000000000e+01 1.099365417101166109e+01
3.700000000000000000e+01 1.117313526126505785e+01
3.800000000000000000e+01 1.135245943039797645e+01
3.900000000000000000e+01 1.153019320240358425e+01
4.000000000000000000e+01 1.170421602851602749e+01
4.100000000000000000e+01 1.187499073681130035e+01
4.200000000000000000e+01 1.205312677542783639e+01
4.300000000000000000e+01 1.222569949223422547e+01
4.400000000000000000e+01 1.239378258568819291e+01
4.500000000000000000e+01 1.256408066389304601e+01
4.600000000000000000e+01 1.274226824954372717e+01
4.700000000000000000e+01 1.291450227469380785e+01
4.800000000000000000e+01 1.309188019732417452e+01
4.900000000000000000e+01 1.327320981889432083e+01
5.000000000000000000e+01 1.344346023412656699e+01
5.100000000000000000e+01 1.361282373960471759e+01
5.200000000000000000e+01 1.377770342900808132e+01
5.300000000000000000e+01 1.395051608293009160e+01
5.400000000000000000e+01 1.412017020491819430e+01
5.500000000000000000e+01 1.429552703339784614e+01
5.600000000000000000e+01 1.446620466480006861e+01
5.700000000000000000e+01 1.463044486266504229e+01
5.800000000000000000e+01 1.479380206670126441e+01
5.900000000000000000e+01 1.496051707667593966e+01
6.000000000000000000e+01 1.512579158085500453e+01
6.100000000000000000e+01 1.529733669557552389e+01
6.200000000000000000e+01 1.547074872286760439e+01
6.300000000000000000e+01 1.564415229300499988e+01
6.400000000000000000e+01 1.581556911121716702e+01
6.500000000000000000e+01 1.598770456377402382e+01
6.600000000000000000e+01 1.615276361620905732e+01
6.700000000000000000e+01 1.630917308952511391e+01
6.800000000000000000e+01 1.647791763254449648e+01
6.900000000000000000e+01 1.664138702563167271e+01
7.000000000000000000e+01 1.680476216175958371e+01
7.100000000000000000e+01 1.696533853209761844e+01
7.200000000000000000e+01 1.712382030615184192e+01
7.300000000000000000e+01 1.728278144717340936e+01
7.400000000000000000e+01 1.744416432459755129e+01
7.500000000000000000e+01 1.760619095514242716e+01
7.600000000000000000e+01 1.777086280488908443e+01
7.700000000000000000e+01 1.792819672285697763e+01
7.800000000000000000e+01 1.808669304998485572e+01
7.900000000000000000e+01 1.824530004837468411e+01
8.000000000000000000e+01 1.839426475396537697e+01
8.100000000000000000e+01 1.854072247497084192e+01
8.200000000000000000e+01 1.869398611841831936e+01
8.300000000000000000e+01 1.884595137082246552e+01
8.400000000000000000e+01 1.899543790595265946e+01
8.500000000000000000e+01 1.914887116766604080e+01
8.600000000000000000e+01 1.931080967208644239e+01
8.700000000000000000e+01 1.947540290551780373e+01
8.800000000000000000e+01 1.964027433034367931e+01
8.900000000000000000e+01 1.980207426106979796e+01
9.000000000000000000e+01 1.996488052980167893e+01
9.100000000000000000e+01 2.012519909923937433e+01
9.200000000000000000e+01 2.028584383288725235e+01
9.300000000000000000e+01 2.044976269919818535e+01
9.400000000000000000e+01 2.060311246810214314e+01
9.500000000000000000e+01 2.075921177194819123e+01
9.600000000000000000e+01 2.091625550701839487e+01
9.700000000000000000e+01 2.107912375060481835e+01
9.800000000000000000e+01 2.123822372382735679e+01
9.900000000000000000e+01 2.139844864725096230e+01
1.000000000000000000e+02 2.156677065948166927e+01
1.010000000000000000e+02 2.172957522043018841e+01
1.020000000000000000e+02 2.188944552447002678e+01
1.030000000000000000e+02 2.204879831746699281e+01
1.040000000000000000e+02 2.220884753206502893e+01
1.050000000000000000e+02 2.237255424677233862e+01
1.060000000000000000e+02 2.253967117544213039e+01
1.070000000000000000e+02 2.269972381865338917e+01
1.080000000000000000e+02 2.285788383655987133e+01
1.090000000000000000e+02 2.302029304499200890e+01
1.100000000000000000e+02 2.319068497116273164e+01
1.110000000000000000e+02 2.336163215507176716e+01
1.120000000000000000e+02 2.353269071032867643e+01
1.130000000000000000e+02 2.370398785155353494e+01
1.140000000000000000e+02 2.387300761661797566e+01
1.150000000000000000e+02 2.403940703862565798e+01
1.160000000000000000e+02 2.421168234306544420e+01
1.170000000000000000e+02 2.437687736982443454e+01
1.180000000000000000e+02 2.454349260722592163e+01
1.190000000000000000e+02 2.471151540257038093e+01
1.200000000000000000e+02 2.487564564891713914e+01
1.210000000000000000e+02 2.504822262329817661e+01
1.220000000000000000e+02 2.521643035556986234e+01
1.230000000000000000e+02 2.538897110710204785e+01
1.240000000000000000e+02 2.556284806108495999e+01
1.250000000000000000e+02 2.573578596630142812e+01
1.260000000000000000e+02 2.590802142486689874e+01
1.270000000000000000e+02 2.607336219519845955e+01
1.280000000000000000e+02 2.623471831450637737e+01
1.290000000000000000e+02 2.640508124836842541e+01
1.300000000000000000e+02 2.657636572971276223e+01
1.310000000000000000e+02 2.674840168841378585e+01
1.320000000000000000e+02 2.692112622881053952e+01
1.330000000000000000e+02 2.708963111354956155e+01
1.340000000000000000e+02 2.725838425538889709e+01
1.350000000000000000e+02 2.742623781168341424e+01
1.360000000000000000e+02 2.760591553332526971e+01
1.370000000000000000e+02 2.778548739806247525e+01
1.380000000000000000e+02 2.796113388327922777e+01
1.390000000000000000e+02 2.813146329489934416e+01
1.400000000000000000e+02 2.830071511079753321e+01
1.410000000000000000e+02 2.847476548768738880e+01
1.420000000000000000e+02 2.865424412611911364e+01
1.430000000000000000e+02 2.883668463906095525e+01
1.440000000000000000e+02 2.901923706726209318e+01
1.450000000000000000e+02 2.919924073739067438e+01
1.460000000000000000e+02 2.938207188024949446e+01
1.470000000000000000e+02 2.956940073231353239e+01
1.480000000000000000e+02 2.975505129181651043e+01
1.490000000000000000e+02 2.995396551582238232e+01
1.500000000000000000e+02 3.014787195601838832e+01
1.510000000000000000e+02 3.033562537215854249e+01
1.520000000000000000e+02 3.051745879264176509e+01
1.530000000000000000e+02 3.070235500135196816e+01
1.540000000000000000e+02 3.088825508042737411e+01
1.550000000000000000e+02 3.108609863343784596e+01
1.560000000000000000e+02 3.127902710020318011e+01
1.570000000000000000e+02 3.148032757189171704e+01
1.580000000000000000e+02 3.168010292864806488e+01
1.590000000000000000e+02 3.187543300354636600e+01
1.600000000000000000e+02 3.206131616555718011e+01
1.610000000000000000e+02 3.225214966043150611e+01
1.620000000000000000e+02 3.244112816596936710e+01
1.630000000000000000e+02 3.262813210509796846e+01
1.640000000000000000e+02 3.281507789767869099e+01
1.650000000000000000e+02 3.300916318662696369e+01
1.660000000000000000e+02 3.319997280167198994e+01
1.670000000000000000e+02 3.338597152546819302e+01
1.680000000000000000e+02 3.357387648758296450e+01
1.690000000000000000e+02 3.375940319268494250e+01
1.700000000000000000e+02 3.394750092341700309e+01
1.710000000000000000e+02 3.413151238368579499e+01
1.720000000000000000e+02 3.431664910135066293e+01
1.730000000000000000e+02 3.450345012885862417e+01
1.740000000000000000e+02 3.469097553637936926e+01
1.750000000000000000e+02 3.487863402460354934e+01
1.760000000000000000e+02 3.506136567753004130e+01
1.770000000000000000e+02 3.524594226351679538e+01
1.780000000000000000e+02 3.542522775455318396e+01
1.790000000000000000e+02 3.560787967505395102e+01
1.800000000000000000e+02 3.579071083706673306e+01
1.810000000000000000e+02 3.596794477528052170e+01
1.820000000000000000e+02 3.614533139164538511e+01
1.830000000000000000e+02 3.632654591936112354e+01
1.840000000000000000e+02 3.651153795736099283e+01
1.850000000000000000e+02 3.669327777700910076e+01
1.860000000000000000e+02 3.687682957775160730e+01
1.870000000000000000e+02 3.705884418391128321e+01
1.880000000000000000e+02 3.724621645240757317e+01
1.890000000000000000e+02 3.743123127705860753e+01
1.900000000000000000e+02 3.761272310799042629e+01
1.910000000000000000e+02 3.779913756428759086e+01
1.920000000000000000e+02 3.798016829950104523e+01
1.930000000000000000e+02 3.815610208813234294e+01
1.940000000000000000e+02 3.833260681785166213e+01
1.950000000000000000e+02 3.850439740870361049e+01
1.960000000000000000e+02 3.868402348413189884e+01
1.970000000000000000e+02 3.885543750475933678e+01
1.980000000000000000e+02 3.902714959561636476e+01
1.990000000000000000e+02 3.920129049894178053e+01
2.000000000000000000e+02 3.937705615789750624e+01
2.010000000000000000e+02 3.962460059541481883e+01
2.020000000000000000e+02 3.987700030494060854e+01
2.030000000000000000e+02 4.013240966824542966e+01
2.040000000000000000e+02 4.038701563127139593e+01
2.050000000000000000e+02 4.064516472907577338e+01
2.060000000000000000e+02 4.090112100095484493e+01
2.070000000000000000e+02 4.115606274141460119e+01
2.080000000000000000e+02 4.141099884502451545e+01
2.090000000000000000e+02 4.167149155572791130e+01
2.100000000000000000e+02 4.192646095103258830e+01
2.110000000000000000e+02 4.219059447318900880e+01
2.120000000000000000e+02 4.244458389898408512e+01
2.130000000000000000e+02 4.269864726602367000e+01
2.140000000000000000e+02 4.294873661834681400e+01
2.150000000000000000e+02 4.320367505113223672e+01
2.160000000000000000e+02 4.346675310769257550e+01
2.170000000000000000e+02 4.373617041091540614e+01
2.180000000000000000e+02 4.400397840460055932e+01
2.190000000000000000e+02 4.427342104365327913e+01
2.200000000000000000e+02 4.454026256255779970e+01
2.210000000000000000e+02 4.480326180347724119e+01
2.220000000000000000e+02 4.506508409278401217e+01
2.230000000000000000e+02 4.532607180921539936e+01
2.240000000000000000e+02 4.559481700254747238e+01
2.250000000000000000e+02 4.586394519483392429e+01
2.260000000000000000e+02 4.613368869054372823e+01
2.270000000000000000e+02 4.640018005022483294e+01
2.280000000000000000e+02 4.666439148021277106e+01
2.290000000000000000e+02 4.692654391952308401e+01
2.300000000000000000e+02 4.719055146649159838e+01
2.310000000000000000e+02 4.745408834054875058e+01
2.320000000000000000e+02 4.771869531193470237e+01
2.330000000000000000e+02 4.798140288816386345e+01
2.340000000000000000e+02 4.824357708485975138e+01
2.350000000000000000e+02 4.850638617813861941e+01
2.360000000000000000e+02 4.877227674655357958e+01
2.370000000000000000e+02 4.902885072731255889e+01
2.380000000000000000e+02 4.929224379979709880e+01
2.390000000000000000e+02 4.956801120601570432e+01
2.400000000000000000e+02 4.984984485155039380e+01
2.410000000000000000e+02 5.012353408698172785e+01
2.420000000000000000e+02 5.039492237161613986e+01
2.430000000000000000e+02 5.067182429049844217e+01
2.440000000000000000e+02 5.094008219652918257e+01
2.450000000000000000e+02 5.121193706011091251e+01
2.460000000000000000e+02 5.148407620325158263e+01
2.470000000000000000e+02 5.174947054074388575e+01
2.480000000000000000e+02 5.201857338142576737e+01
2.490000000000000000e+02 5.229256518692753986e+01
2.500000000000000000e+02 5.255573013187709108e+01
2.510000000000000000e+02 5.281852975771804637e+01
2.520000000000000000e+02 5.309037928944130869e+01
2.530000000000000000e+02 5.335594264111603735e+01
2.540000000000000000e+02 5.362595543621813476e+01
2.550000000000000000e+02 5.389196168508463813e+01
2.560000000000000000e+02 5.416476494620258819e+01
2.570000000000000000e+02 5.443637525982033765e+01
2.580000000000000000e+02 5.470932244966341784e+01
2.590000000000000000e+02 5.498031403000135953e+01
2.600000000000000000e+02 5.525629505245050410e+01
2.610000000000000000e+02 5.553259052328495926e+01
2.620000000000000000e+02 5.580572142266768765e+01
2.630000000000000000e+02 5.608226186463427609e+01
2.640000000000000000e+02 5.636371121674080342e+01
2.650000000000000000e+02 5.664113596185322308e+01
2.660000000000000000e+02 5.691336584418912281e+01
2.670000000000000000e+02 5.718220803181052503e+01
2.680000000000000000e+02 5.744925026094227860e+01
2.690000000000000000e+02 5.771908088750977583e+01
2.700000000000000000e+02 5.798966160826220317e+01
2.710000000000000000e+02 5.825529615832540742e+01
2.720000000000000000e+02 5.851432703753773268e+01
2.730000000000000000e+02 5.877328498011573288e+01
2.740000000000000000e+02 5.903717441651036069e+01
2.750000000000000000e+02 5.930327145498942087e+01
2.760000000000000000e+02 5.957612528685583442e+01
2.770000000000000000e+02 5.984945921848181172e+01
2.780000000000000000e+02 6.013301254394217921e+01
2.790000000000000000e+02 6.040682644031750215e+01
2.800000000000000000e+02 6.068210300194526496e+01
2.810000000000000000e+02 6.095332053725693555e+01
2.820000000000000000e+02 6.123050417064418127e+01
2.830000000000000000e+02 6.150553739486732496e+01
2.840000000000000000e+02 6.178690232342378863e+01
2.850000000000000000e+02 6.206795020644948835e+01
2.860000000000000000e+02 6.235377921262956136e+01
2.870000000000000000e+02 6.262855360542687322e+01
2.880000000000000000e+02 6.290581264195134281e+01
2.890000000000000000e+02 6.318929175034665491e+01
2.900000000000000000e+02 6.346861635214954589e+01
2.910000000000000000e+02 6.375277801868785588e+01
2.920000000000000000e+02 6.403014908677195649e+01
2.930000000000000000e+02 6.430669647303972170e+01
2.940000000000000000e+02 6.459601756662283378e+01
2.950000000000000000e+02 6.487386370452883000e+01
2.960000000000000000e+02 6.516917363670734176e+01
2.970000000000000000e+02 6.545894292912691981e+01
2.980000000000000000e+02 6.575511957345010217e+01
2.990000000000000000e+02 6.605493875075997323e+01
3.000000000000000000e+02 6.634509728964373210e+01
3.010000000000000000e+02 6.664001425569598780e+01
3.020000000000000000e+02 6.693076784966144999e+01
3.030000000000000000e+02 6.722180910064389536e+01
3.040000000000000000e+02 6.751777350538172584e+01
3.050000000000000000e+02 6.781764378678514049e+01
3.060000000000000000e+02 6.811319593089102398e+01
3.070000000000000000e+02 6.840495060338251676e+01
3.080000000000000000e+02 6.869218467340601819e+01
3.090000000000000000e+02 6.898845629960058545e+01
3.100000000000000000e+02 6.928694493028575607e+01
3.110000000000000000e+02 6.958106289526381261e+01
3.120000000000000000e+02 6.988023348252745848e+01
3.130000000000000000e+02 7.017834859620612065e+01
3.140000000000000000e+02 7.047565357659360075e+01
3.150000000000000000e+02 7.077247417040088351e+01
3.160000000000000000e+02 7.106595805692384715e+01
3.170000000000000000e+02 7.135901527730165128e+01
3.180000000000000000e+02 7.165132146616325315e+01
3.190000000000000000e+02 7.194961173999908510e+01
3.200000000000000000e+02 7.225697101116345777e+01
3.210000000000000000e+02 7.256427937729095845e+01
3.220000000000000000e+02 7.285949344596690480e+01
3.230000000000000000e+02 7.314970798654266559e+01
3.240000000000000000e+02 7.344838190707966419e+01
3.250000000000000000e+02 7.374335382364363056e+01
3.260000000000000000e+02 7.404613008176670519e+01
3.270000000000000000e+02 7.434652349581062936e+01
3.280000000000000000e+02 7.464442040444075133e+01
3.290000000000000000e+02 7.493969977574367647e+01
3.300000000000000000e+02 7.523620611499835320e+01
3.310000000000000000e+02 7.553621949853182116e+01
3.320000000000000000e+02 7.583672869332417577e+01
3.330000000000000000e+02 7.614145523096755142e+01
3.340000000000000000e+02 7.645270444591906767e+01
3.350000000000000000e+02 7.676743615005912602e+01
3.360000000000000000e+02 7.708508686856448833e+01
3.370000000000000000e+02 7.739759023585055786e+01
3.380000000000000000e+02 7.771817351067932123e+01
3.390000000000000000e+02 7.804144422911016932e+01
3.400000000000000000e+02 7.836373472437446708e+01
3.410000000000000000e+02 7.868751827145803190e+01
3.420000000000000000e+02 7.901024030143410926e+01
3.430000000000000000e+02 7.932642552626127497e+01
3.440000000000000000e+02 7.965136187795812361e+01
3.450000000000000000e+02 7.997379605505832956e+01
3.460000000000000000e+02 8.029568653066057493e+01
3.470000000000000000e+02 8.062043758051515852e+01
3.480000000000000000e+02 8.095016738441358939e+01
3.490000000000000000e+02 8.126952182955365345e+01
3.500000000000000000e+02 8.159341548093571816e+01
3.510000000000000000e+02 8.191152576186149759e+01
3.520000000000000000e+02 8.222725895561460163e+01
3.530000000000000000e+02 8.254896957475396846e+01
3.540000000000000000e+02 8.286650517994402776e+01
3.550000000000000000e+02 8.318458767564399636e+01
3.560000000000000000e+02 8.350720426367493587e+01
3.570000000000000000e+02 8.383811491795474069e+01
3.580000000000000000e+02 8.415401506997220338e+01
3.590000000000000000e+02 8.447665159969274384e+01
3.600000000000000000e+02 8.480400857739486753e+01
3.610000000000000000e+02 8.512542791291045319e+01
3.620000000000000000e+02 8.544732263920531068e+01
3.630000000000000000e+02 8.576546210657375013e+01
3.640000000000000000e+02 8.608414452478697854e+01
3.650000000000000000e+02 8.640625087075805766e+01
3.660000000000000000e+02 8.673032118723118344e+01
3.670000000000000000e+02 8.704544956655357169e+01
3.680000000000000000e+02 8.736290211099766623e+01
3.690000000000000000e+02 8.767875419075163279e+01
3.700000000000000000e+02 8.799954240121023474e+01
3.710000000000000000e+02 8.832084295573250188e+01
3.720000000000000000e+02 8.863724779520201480e+01
3.730000000000000000e+02 8.895226575811378211e+01
3.740000000000000000e+02 8.926839916821181475e+01
3.750000000000000000e+02 8.958337600613371876e+01
3.760000000000000000e+02 8.990929890120489176e+01
3.770000000000000000e+02 9.023405594352695402e+01
3.780000000000000000e+02 9.054523525580285082e+01
3.790000000000000000e+02 9.086302194137577715e+01
3.800000000000000000e+02 9.118366629302052218e+01
3.810000000000000000e+02 9.150731763234105642e+01
3.820000000000000000e+02 9.183747136925693155e+01
3.830000000000000000e+02 9.214786363594049590e+01
3.840000000000000000e+02 9.246707098271785696e+01
3.850000000000000000e+02 9.278451850655191890e+01
3.860000000000000000e+02 9.311021153297831177e+01
3.870000000000000000e+02 9.342775711042524733e+01
3.880000000000000000e+02 9.374785187010468235e+01
3.890000000000000000e+02 9.407377698311942993e+01
3.900000000000000000e+02 9.439799956790834301e+01
3.910000000000000000e+02 9.471679805592312107e+01
3.920000000000000000e+02 9.504161707762851563e+01
3.930000000000000000e+02 9.536560311565082770e+01
3.940000000000000000e+02 9.568619740620479774e+01
3.950000000000000000e+02 9.600093096504760126e+01
3.960000000000000000e+02 9.632087136341984035e+01
3.970000000000000000e+02 9.663300401025234976e+01
3.980000000000000000e+02 9.694068387706188616e+01
3.990000000000000000e+02 9.725529195589149367e+01
4.000000000000000000e+02 9.757360598442866717e+01
4.010000000000000000e+02 9.794812624657812705e+01
4.020000000000000000e+02 9.832158630350869544e+01
4.030000000000000000e+02 9.870336039344029189e+01
4.040000000000000000e+02 9.907773743911086228e+01
4.050000000000000000e+02 9.945512655712160210e+01
4.060000000000000000e+02 9.983363776603918893e+01
4.070000000000000000e+02 1.002194203382046567e+02
4.080000000000000000e+02 1.005989958826096853e+02
4.090000000000000000e+02 1.009862042702808651e+02
4.100000000000000000e+02 1.013572175215076072e+02
4.110000000000000000e+02 1.017295327310956026e+02
4.120000000000000000e+02 1.020997624802045181e+02
4.130000000000000000e+02 1.024772544487075550e+02
4.140000000000000000e+02 1.028527612030595861e+02
4.150000000000000000e+02 1.032278430727423313e+02
4.160000000000000000e+02 1.036121667176686145e+02
4.170000000000000000e+02 1.039924262767004564e+02
4.180000000000000000e+02 1.043644945425406121e+02
4.190000000000000000e+02 1.047464941490567440e+02
4.200000000000000000e+02 1.051231374066636590e+02
4.210000000000000000e+02 1.054988099387068132e+02
4.220000000000000000e+02 1.058853097782275512e+02
4.230000000000000000e+02 1.062731216726526213e+02
4.240000000000000000e+02 1.066526323995989571e+02
4.250000000000000000e+02 1.070234744958867452e+02
4.260000000000000000e+02 1.074126000558431571e+02
4.270000000000000000e+02 1.078012658515219897e+02
4.280000000000000000e+02 1.081993724629386833e+02
4.290000000000000000e+02 1.085970283308241449e+02
4.300000000000000000e+02 1.090125056873073817e+02
4.310000000000000000e+02 1.094082307948195023e+02
4.320000000000000000e+02 1.098090629983412754e+02
4.330000000000000000e+02 1.102128945368463064e+02
4.340000000000000000e+02 1.106158151686380222e+02
4.350000000000000000e+02 1.110157498191756673e+02
4.360000000000000000e+02 1.114210868825640119e+02
4.370000000000000000e+02 1.118207992118080369e+02
4.380000000000000000e+02 1.122093469763220241e+02
4.390000000000000000e+02 1.126123275655995002e+02
4.400000000000000000e+02 1.130155386431174094e+02
4.410000000000000000e+02 1.134156059496174720e+02
4.420000000000000000e+02 1.138207243978551588e+02
4.430000000000000000e+02 1.142325369311194976e+02
4.440000000000000000e+02 1.146540642521370756e+02
4.450000000000000000e+02 1.150716746517012865e+02
4.460000000000000000e+02 1.154902663061082961e+02
4.470000000000000000e+02 1.159092346316420929e+02
4.480000000000000000e+02 1.163386107388915462e+02
4.490000000000000000e+02 1.167599048294924415e+02
4.500000000000000000e+02 1.171833924935381788e+02
4.510000000000000000e+02 1.176073188791065007e+02
4.520000000000000000e+02 1.180380440017782320e+02
4.530000000000000000e+02 1.184573875270124290e+02
4.540000000000000000e+02 1.188650605441334989e+02
4.550000000000000000e+02 1.192832490053232419e+02
4.560000000000000000e+02 1.197198945013265217e+02
4.570000000000000000e+02 1.201442130459191446e+02
4.580000000000000000e+02 1.205747784553401232e+02
4.590000000000000000e+02 1.210004841329821517e+02
4.600000000000000000e+02 1.214361565189937551e+02
4.610000000000000000e+02 1.218721125161809766e+02
4.620000000000000000e+02 1.223041701498540164e+02
4.630000000000000000e+02 1.227455988722875730e+02
4.640000000000000000e+02 1.231867074849879202e+02
4.650000000000000000e+02 1.236235218203195956e+02
4.660000000000000000e+02 1.240490419536840676e+02
4.670000000000000000e+02 1.244811797084747695e+02
4.680000000000000000e+02 1.249097035568453151e+02
4.690000000000000000e+02 1.253433612170459099e+02
4.700000000000000000e+02 1.257752610910530393e+02
4.710000000000000000e+02 1.262219136737550116e+02
4.720000000000000000e+02 1.266540717411861436e+02
4.730000000000000000e+02 1.270960335204931368e+02
4.740000000000000000e+02 1.275449798753638646e+02
4.750000000000000000e+02 1.279889766352407605e+02
4.760000000000000000e+02 1.284339946071984002e+02
4.770000000000000000e+02 1.288843041063551880e+02
4.780000000000000000e+02 1.293350691001067787e+02
4.790000000000000000e+02 1.297912061341390313e+02
4.800000000000000000e+02 1.302594627066541193e+02
4.810000000000000000e+02 1.307202800517011383e+02
4.820000000000000000e+02 1.311753118541582523e+02
4.830000000000000000e+02 1.316360117999682018e+02
4.840000000000000000e+02 1.320924530375009738e+02
4.850000000000000000e+02 1.325595209151359484e+02
4.860000000000000000e+02 1.330237949676325684e+02
4.870000000000000000e+02 1.334791802921061219e+02
4.880000000000000000e+02 1.339540223634404015e+02
4.890000000000000000e+02 1.344241259061107598e+02
4.900000000000000000e+02 1.348998372754254262e+02
4.910000000000000000e+02 1.353730403649835807e+02
4.920000000000000000e+02 1.358627425141881986e+02
4.930000000000000000e+02 1.363411651640969353e+02
4.940000000000000000e+02 1.368066748486850770e+02
4.950000000000000000e+02 1.372645325929156002e+02
4.960000000000000000e+02 1.377246580336160378e+02
4.970000000000000000e+02 1.381923849453322646e+02
4.980000000000000000e+02 1.386608035208359695e+02
4.990000000000000000e+02 1.391075590082874385e+02
5.000000000000000000e+02 1.395624290246317685e+02
5.010000000000000000e+02 1.400197709869097480e+02
5.020000000000000000e+02 1.404821984363718741e+02
5.030000000000000000e+02 1.409394654927043575e+02
5.040000000000000000e+02 1.414091885825937425e+02
5.050000000000000000e+02 1.418852771573126574e+02
5.060000000000000000e+02 1.423587317002898942e+02
5.070000000000000000e+02 1.428513203729264376e+02
5.080000000000000000e+02 1.433330324925264563e+02
5.090000000000000000e+02 1.438120530542201720e+02
5.100000000000000000e+02 1.442866528597239153e+02
5.110000000000000000e+02 1.447609001329439025e+02
5.120000000000000000e+02 1.452401418414680165e+02
5.130000000000000000e+02 1.457077869551758624e+02
5.140000000000000000e+02 1.461952619941419016e+02
5.150000000000000000e+02 1.466817630859962662e+02
5.160000000000000000e+02 1.471637115290240843e+02
5.170000000000000000e+02 1.476428811440478341e+02
5.180000000000000000e+02 1.481298003140023809e+02
5.190000000000000000e+02 1.486147601090812032e+02
5.200000000000000000e+02 1.490831146055806471e+02
5.210000000000000000e+02 1.495751643017120500e+02
5.220000000000000000e+02 1.500610843413837756e+02
5.230000000000000000e+02 1.505418953792277250e+02
5.240000000000000000e+02 1.510411502630460632e+02
5.250000000000000000e+02 1.515447665119185388e+02
5.260000000000000000e+02 1.520528634437233677e+02
5.270000000000000000e+02 1.525601772023951241e+02
5.280000000000000000e+02 1.530818443519736434e+02
5.290000000000000000e+02 1.536047189644102389e+02
5.300000000000000000e+02 1.541128189535278636e+02
5.310000000000000000e+02 1.546242641019084942e+02
5.320000000000000000e+02 1.551276213666713772e+02
5.330000000000000000e+02 1.556435288481257544e+02
5.340000000000000000e+02 1.561670355254882168e+02
5.350000000000000000e+02 1.566812961386931420e+02
5.360000000000000000e+02 1.571858915611937277e+02
5.370000000000000000e+02 1.576961554188713990e+02
5.380000000000000000e+02 1.581997456844658814e+02
5.390000000000000000e+02 1.587196487567316865e+02
5.400000000000000000e+02 1.592543566335268395e+02
5.410000000000000000e+02 1.597631718249626545e+02
5.420000000000000000e+02 1.602698175797002591e+02
5.430000000000000000e+02 1.607840393444802771e+02
5.440000000000000000e+02 1.612974464003111734e+02
5.450000000000000000e+02 1.618139131041714620e+02
5.460000000000000000e+02 1.623288924585840505e+02
5.470000000000000000e+02 1.628430246579403331e+02
5.480000000000000000e+02 1.633665924300417203e+02
5.490000000000000000e+02 1.639017480339896906e+02
5.500000000000000000e+02 1.644221179207353032e+02
5.510000000000000000e+02 1.649603083509192629e+02
5.520000000000000000e+02 1.654949428061020740e+02
5.530000000000000000e+02 1.660160357625921108e+02
5.540000000000000000e+02 1.665437929844432574e+02
5.550000000000000000e+02 1.670789022271864894e+02
5.560000000000000000e+02 1.676000756886976433e+02
5.570000000000000000e+02 1.681106036560117332e+02
5.580000000000000000e+02 1.686330048838339906e+02
5.590000000000000000e+02 1.691508601106021956e+02
5.600000000000000000e+02 1.696662634756129080e+02
5.610000000000000000e+02 1.701711201847195696e+02
5.620000000000000000e+02 1.706663777524246939e+02
5.630000000000000000e+02 1.711727300447616074e+02
5.640000000000000000e+02 1.716893532374391782e+02
5.650000000000000000e+02 1.722220732247682804e+02
5.660000000000000000e+02 1.727434020125273264e+02
5.670000000000000000e+02 1.732423013489599839e+02
5.680000000000000000e+02 1.737392486569297887e+02
5.690000000000000000e+02 1.742492029079088809e+02
5.700000000000000000e+02 1.747712734407772359e+02
5.710000000000000000e+02 1.753086289821929995e+02
5.720000000000000000e+02 1.758504931831133149e+02
5.730000000000000000e+02 1.763911811485789087e+02
5.740000000000000000e+02 1.769369038122090387e+02
5.750000000000000000e+02 1.774862411769696280e+02
5.760000000000000000e+02 1.780215270147858178e+02
5.770000000000000000e+02 1.785654381245170157e+02
5.780000000000000000e+02 1.791195504960632263e+02
5.790000000000000000e+02 1.796796000267094939e+02
5.800000000000000000e+02 1.802286386565228611e+02
5.810000000000000000e+02 1.807759958447718702e+02
5.820000000000000000e+02 1.813199928216076557e+02
5.830000000000000000e+02 1.818651082316887369e+02
5.840000000000000000e+02 1.824182304875380964e+02
5.850000000000000000e+02 1.829737053652935970e+02
5.860000000000000000e+02 1.835418766737010969e+02
5.870000000000000000e+02 1.841273431104962128e+02
5.880000000000000000e+02 1.847383071365383387e+02
5.890000000000000000e+02 1.853183749990062097e+02
5.900000000000000000e+02 1.859033069746000422e+02
5.910000000000000000e+02 1.864911988191388730e+02
5.920000000000000000e+02 1.870971411399101498e+02
5.930000000000000000e+02 1.876862481247446510e+02
5.940000000000000000e+02 1.882761876838347916e+02
5.950000000000000000e+02 1.888896893083382338e+02
5.960000000000000000e+02 1.895086062417404378e+02
5.970000000000000000e+02 1.901190869667853747e+02
5.980000000000000000e+02 1.907451495253222049e+02
5.990000000000000000e+02 1.913889359768854490e+02
6.000000000000000000e+02 1.920283743052161753e+02
6.010000000000000000e+02 1.927906458252555808e+02
6.020000000000000000e+02 1.935630324308095567e+02
6.030000000000000000e+02 1.943230680543807409e+02
6.040000000000000000e+02 1.950859953607182433e+02
6.050000000000000000e+02 1.958179118301931965e+02
6.060000000000000000e+02 1.965548400702288916e+02
6.070000000000000000e+02 1.973106978518617325e+02
6.080000000000000000e+02 1.980674503528113348e+02
6.090000000000000000e+02 1.988059516297377911e+02
6.100000000000000000e+02 1.995596875493081370e+02
6.110000000000000000e+02 2.002996686617338185e+02
6.120000000000000000e+02 2.010394568297123783e+02
6.130000000000000000e+02 2.017783380106447737e+02
6.140000000000000000e+02 2.025388064245263422e+02
6.150000000000000000e+02 2.033372169692200089e+02
6.160000000000000000e+02 2.041172751946418771e+02
6.170000000000000000e+02 2.049014008217040441e+02
6.180000000000000000e+02 2.056727970386948243e+02
6.190000000000000000e+02 2.064402741309716873e+02
6.200000000000000000e+02 2.072344300153270638e+02
6.210000000000000000e+02 2.080248994798917579e+02
6.220000000000000000e+02 2.088035608768331031e+02
6.230000000000000000e+02 2.095682112532577435e+02
6.240000000000000000e+02 2.103290058602504757e+02
6.250000000000000000e+02 2.111080104070320544e+02
6.260000000000000000e+02 2.118768809238839310e+02
6.270000000000000000e+02 2.126492167151622539e+02
6.280000000000000000e+02 2.134223004367822796e+02
6.290000000000000000e+02 2.141848548396891943e+02
6.300000000000000000e+02 2.149705631379354713e+02
6.310000000000000000e+02 2.157371780791567346e+02
6.320000000000000000e+02 2.164993053110061396e+02
6.330000000000000000e+02 2.172517781676353934e+02
6.340000000000000000e+02 2.180222968254586533e+02
6.350000000000000000e+02 2.187800056000320126e+02
6.360000000000000000e+02 2.195599349986097195e+02
6.370000000000000000e+02 2.203145468899606954e+02
6.380000000000000000e+02 2.210768378930005156e+02
6.390000000000000000e+02 2.218271472014149310e+02
6.400000000000000000e+02 2.226080885270452256e+02
6.410000000000000000e+02 2.233847464130148524e+02
6.420000000000000000e+02 2.241648001361612046e+02
6.430000000000000000e+02 2.249364910436166838e+02
6.440000000000000000e+02 2.256909762059613911e+02
6.450000000000000000e+02 2.264633597701930228e+02
6.460000000000000000e+02 2.272387991770618498e+02
6.470000000000000000e+02 2.280258241128763927e+02
6.480000000000000000e+02 2.288101061049117106e+02
6.490000000000000000e+02 2.296094788484098501e+02
6.500000000000000000e+02 2.304113691588034101e+02
6.510000000000000000e+02 2.311923533733944964e+02
6.520000000000000000e+02 2.319559417699520338e+02
6.530000000000000000e+02 2.327503676609416345e+02
6.540000000000000000e+02 2.335368539284758924e+02
6.550000000000000000e+02 2.343288943716857773e+02
6.560000000000000000e+02 2.351421157094170837e+02
6.570000000000000000e+02 2.359411253888808062e+02
6.580000000000000000e+02 2.367402704238603519e+02
6.590000000000000000e+02 2.375473376282512561e+02
6.600000000000000000e+02 2.383395058322539910e+02
6.610000000000000000e+02 2.391316587425788214e+02
6.620000000000000000e+02 2.399209663400653483e+02
6.630000000000000000e+02 2.407314013246558204e+02
6.640000000000000000e+02 2.415350367275063377e+02
6.650000000000000000e+02 2.422801996458898373e+02
6.660000000000000000e+02 2.430252363474327524e+02
6.670000000000000000e+02 2.437885654588509112e+02
6.680000000000000000e+02 2.445464444792892778e+02
6.690000000000000000e+02 2.452951070012170760e+02
6.700000000000000000e+02 2.460237052903063955e+02
6.710000000000000000e+02 2.467621464923860231e+02
6.720000000000000000e+02 2.475079113777966597e+02
6.730000000000000000e+02 2.482686874941429949e+02
6.740000000000000000e+02 2.490217404027163468e+02
6.750000000000000000e+02 2.497765257624535877e+02
6.760000000000000000e+02 2.505031857952342307e+02
6.770000000000000000e+02 2.512297143810382636e+02
6.780000000000000000e+02 2.519413650451520255e+02
6.790000000000000000e+02 2.526268556011587521e+02
6.800000000000000000e+02 2.532805046515523486e+02
6.810000000000000000e+02 2.539081642168320343e+02
6.820000000000000000e+02 2.545361935026220408e+02
6.830000000000000000e+02 2.551575903932927076e+02
6.840000000000000000e+02 2.558121523780530708e+02
6.850000000000000000e+02 2.564724630694018401e+02
6.860000000000000000e+02 2.571068149258065887e+02
6.870000000000000000e+02 2.577801986496429549e+02
6.880000000000000000e+02 2.584822855242464357e+02
6.890000000000000000e+02 2.591661215367940372e+02
6.900000000000000000e+02 2.598426486826718360e+02
6.910000000000000000e+02 2.605516057894556639e+02
6.920000000000000000e+02 2.612794863678705610e+02
6.930000000000000000e+02 2.619695958509712455e+02
6.940000000000000000e+02 2.626525213356912900e+02
6.950000000000000000e+02 2.633740707872692042e+02
6.960000000000000000e+02 2.641011779415729848e+02
6.970000000000000000e+02 2.648249977475048240e+02
6.980000000000000000e+02 2.655731428382330819e+02
6.990000000000000000e+02 2.663611051348945580e+02
7.000000000000000000e+02 2.671041296472238287e+02
7.010000000000000000e+02 2.678375698614593716e+02
7.020000000000000000e+02 2.685400705843082392e+02
7.030000000000000000e+02 2.692682364142090137e+02
7.040000000000000000e+02 2.699838367118621250e+02
7.050000000000000000e+02 2.707368721014089488e+02
7.060000000000000000e+02 2.714866460348399642e+02
7.070000000000000000e+02 2.722038948480760610e+02
7.080000000000000000e+02 2.729258677573551495e+02
7.090000000000000000e+02 2.736160647211580113e+02
7.100000000000000000e+02 2.743294779802008634e+02
7.110000000000000000e+02 2.750611905211015937e+02
7.120000000000000000e+02 2.757724074128837515e+02
7.130000000000000000e+02 2.765012687319252791e+02
7.140000000000000000e+02 2.771905767265669738e+02
7.150000000000000000e+02 2.779099627530609382e+02
7.160000000000000000e+02 2.786663077283678831e+02
7.170000000000000000e+02 2.794445939165437380e+02
7.180000000000000000e+02 2.802483532412811087e+02
7.190000000000000000e+02 2.810436032351490780e+02
7.200000000000000000e+02 2.818201357366760931e+02
7.210000000000000000e+02 2.826239400157148793e+02
7.220000000000000000e+02 2.834077065286044785e+02
7.230000000000000000e+02 2.842252916585882190e+02
7.240000000000000000e+02 2.850406739150895987e+02
7.250000000000000000e+02 2.858635339928342773e+02
7.260000000000000000e+02 2.866660262681023710e+02
7.270000000000000000e+02 2.874696533020546099e+02
7.280000000000000000e+02 2.882674734637525944e+02
7.290000000000000000e+02 2.890557958915979953e+02
7.300000000000000000e+02 2.898287911468340781e+02
7.310000000000000000e+02 2.906127468202162731e+02
7.320000000000000000e+02 2.914124497180267781e+02
7.330000000000000000e+02 2.921849753743448446e+02
7.340000000000000000e+02 2.929800249969308084e+02
7.350000000000000000e+02 2.937741685811696470e+02
7.360000000000000000e+02 2.945546886144807672e+02
7.370000000000000000e+02 2.953459309784636844e+02
7.380000000000000000e+02 2.961066544108799121e+02
7.390000000000000000e+02 2.968582106990630223e+02
7.400000000000000000e+02 2.976287611169771026e+02
7.410000000000000000e+02 2.983765979108264901e+02
7.420000000000000000e+02 2.990946820655263991e+02
7.430000000000000000e+02 2.998289947357423557e+02
7.440000000000000000e+02 3.006065105508420174e+02
7.450000000000000000e+02 3.013608703493597432e+02
7.460000000000000000e+02 3.021575388560723354e+02
7.470000000000000000e+02 3.028699298519189824e+02
7.480000000000000000e+02 3.036606856599921116e+02
7.490000000000000000e+02 3.044427875745292909e+02
7.500000000000000000e+02 3.051654289937782210e+02
7.510000000000000000e+02 3.059204056566867393e+02
7.520000000000000000e+02 3.065693045510874981e+02
7.530000000000000000e+02 3.072407709537610572e+02
7.540000000000000000e+02 3.078957139069807454e+02
7.550000000000000000e+02 3.086012942971572102e+02
7.560000000000000000e+02 3.092723731534738931e+02
7.570000000000000000e+02 3.100710267891711283e+02
7.580000000000000000e+02 3.108481287640462369e+02
7.590000000000000000e+02 3.115947358112973689e+02
7.600000000000000000e+02 3.123574257537308085e+02
7.610000000000000000e+02 3.131391252237483513e+02
7.620000000000000000e+02 3.139105502628511317e+02
7.630000000000000000e+02 3.147304119501787341e+02
7.640000000000000000e+02 3.156497160725540425e+02
7.650000000000000000e+02 3.165944362099529599e+02
7.660000000000000000e+02 3.176242442187737538e+02
7.670000000000000000e+02 3.185695646446881142e+02
7.680000000000000000e+02 3.195922154199142255e+02
7.690000000000000000e+02 3.205839480618175799e+02
7.700000000000000000e+02 3.216178017783749397e+02
7.710000000000000000e+02 3.224312152934060691e+02
7.720000000000000000e+02 3.232033122550315625e+02
7.730000000000000000e+02 3.240171238429657024e+02
7.740000000000000000e+02 3.247261881752536965e+02
7.750000000000000000e+02 3.254816885105688584e+02
7.760000000000000000e+02 3.262100128068759659e+02
7.770000000000000000e+02 3.269129073886392689e+02
7.780000000000000000e+02 3.276623296950116355e+02
7.790000000000000000e+02 3.283756074064131667e+02
7.800000000000000000e+02 3.293379273892790593e+02
7.810000000000000000e+02 3.302287587196274785e+02
7.820000000000000000e+02 3.312937777355293747e+02
7.830000000000000000e+02 3.323072455087623780e+02
7.840000000000000000e+02 3.333072692134214208e+02
7.850000000000000000e+02 3.344478362964242706e+02
7.860000000000000000e+02 3.355739112769432495e+02
7.870000000000000000e+02 3.369339048814294415e+02
7.880000000000000000e+02 3.383680723724041286e+02
7.890000000000000000e+02 3.396613410553784433e+02
7.900000000000000000e+02 3.407672178173035036e+02
7.910000000000000000e+02 3.412482910321199938e+02
7.920000000000000000e+02 3.419631936257770803e+02
7.930000000000000000e+02 3.425287934601036000e+02
7.940000000000000000e+02 3.430184256088284087e+02
7.950000000000000000e+02 3.436351015369742186e+02
7.960000000000000000e+02 3.440836862518085013e+02
7.970000000000000000e+02 3.436661936547835126e+02
7.980000000000000000e+02 3.426515010013960136e+02
7.990000000000000000e+02 3.422808288224669582e+02
8.000000000000000000e+02 3.433094405673149367e+02
